1,996,1
2,996,1
3,996,1
4,996,1
5,996,1
6,996,1
7,996,1
8,996,1
9,996,1
10,1001,1
11,996,1
12,996,1
13,993,1
14,995,1
15,998,1
16,1002,1
17,999,1
18,999,1
19,998,1
20,999,1
21,1004,1
22,1009,1
23,1009,1
24,1010,1
25,1009,1
26,1010,1
27,1012,1
28,1019,1
29,1020,1
30,1023,1
31,1025,1
32,1034,1
33,1047,1
34,1056,1
35,1058,1
36,1059,1
37,1057,1
38,1058,1
39,1054,1
40,1061,1
41,1051,1
42,1045,1
43,1040,1
44,1037,1
45,1036,1
46,1036,1
47,1027,1
48,1019,1
49,1010,1
50,1006,1
51,1000,1
52,998,1
53,1000,1
54,994,1
55,990,1
56,989,1
57,991,1
58,995,1
59,993,1
60,992,1
61,992,1
62,994,1
63,996,1
64,1000,1
65,996,1
66,993,1
67,993,1
68,997,1
69,998,1
70,1002,1
71,1003,1
72,998,1
73,996,1
74,996,1
75,996,1
76,1004,1
77,1028,1
78,1060,1
79,1100,1
80,1145,1
81,1182,1
82,1203,1
83,1192,1
84,1142,1
85,1069,1
86,1013,1
87,987,1
88,986,1
89,985,1
90,992,1
91,997,1
92,999,1
93,1004,1
94,1004,1
95,1000,1
96,997,1
97,993,1
98,994,1
99,999,1
100,1003,1
101,1004,1
102,1001,1
103,999,1
104,1000,1
105,1004,1
106,1005,1
107,1003,1
108,1001,1
109,1000,1
110,1002,1
111,1003,1
112,1005,1
113,1005,1
114,1002,1
115,1002,1
116,1003,1
117,1006,1
118,1007,1
119,1006,1
120,1001,1
121,1003,1
122,1006,1
123,1007,1
124,1007,1
125,1007,1
126,1006,1
127,1004,1
128,1005,1
129,1008,1
130,1012,1
131,1009,1
132,1008,1
133,1007,1
134,1009,1
135,1010,1
136,1013,1
137,1010,1
138,1007,1
139,1008,1
140,1007,1
141,1013,1
142,1016,1
143,1014,1
144,1011,1
145,1012,1
146,1011,1
147,1014,1
148,1017,1
149,1015,1
150,1015,1
151,1015,1
152,1015,1
153,1018,1
154,1017,1
155,1020,1
156,1016,1
157,1014,1
158,1013,1
159,1018,1
160,1019,1
161,1018,1
162,1013,1
163,1013,1
164,1014,1
165,1016,1
166,1016,1
167,1014,1
168,1011,1
169,1007,1
170,1008,1
171,1008,1
172,1010,1
173,1010,1
174,1008,1
175,1006,1
176,1006,1
177,1005,1
178,1006,1
179,1006,1
180,1001,1
181,997,1
182,1001,1
183,1003,1
184,1004,1
185,1002,1
186,999,1
187,996,1
188,996,1
189,1000,1
190,1001,1
191,998,1
192,997,1
193,994,1
194,995,1
195,998,1
196,998,1
197,995,1
198,994,1
199,992,1
200,994,1
201,998,1
202,999,1
203,999,1
204,993,1
205,993,1
206,993,1
207,996,1
208,999,1
209,998,1
210,997,1
211,994,1
212,993,1
213,997,1
214,998,1
215,997,1
216,996,1
217,991,1
218,994,1
219,997,1
220,999,1
221,995,1
222,994,1
223,992,1
224,993,1
225,997,1
226,996,1
227,994,1
228,995,1
229,992,1
230,993,1
231,994,1
232,998,1
233,999,1
234,995,1
235,994,1
236,995,1
237,997,1
238,1000,1
239,998,1
240,998,1
241,994,1
242,998,1
243,999,1
244,1002,1
245,1000,1
246,997,1
247,996,1
248,998,1
249,1001,1
250,1003,1
251,1002,1
252,1001,1
253,999,1
254,999,1
255,1003,1
256,1004,1
257,1003,1
258,1002,1
259,1000,1
260,1002,1
261,1004,1
262,1008,1
263,1007,1
264,1000,1
265,1002,1
266,1003,1
267,1003,1
268,1006,1
269,1007,1
270,1003,1
271,1000,1
272,1003,1
273,1003,1
274,1006,1
275,1006,1
276,1001,1
277,998,1
278,1002,1
279,1005,1
280,1007,1
281,1005,1
282,1005,1
283,1000,1
284,1004,1
285,1006,1
286,1004,1
287,1005,1
288,1003,1
289,1002,1
290,1004,1
291,1006,1
292,1010,1
293,1007,1
294,1005,1
295,1002,1
296,1006,1
297,1007,1
298,1009,1
299,1007,1
300,1005,1
301,999,1
302,1006,1
303,1010,1
304,1013,1
305,1012,1
306,1015,1
307,1013,1
308,1014,1
309,1020,1
310,1023,1
311,1024,1
312,1028,1
313,1028,1
314,1034,1
315,1047,1
316,1059,1
317,1064,1
318,1064,1
319,1060,1
320,1064,1
321,1065,1
322,1062,1
323,1053,1
324,1047,1
325,1043,1
326,1039,1
327,1038,1
328,1037,1
329,1028,1
330,1020,1
331,1009,1
332,1007,1
333,1003,1
334,1004,1
335,1000,1
336,992,1
337,992,1
338,993,1
339,995,1
340,998,1
341,995,1
342,993,1
343,994,1
344,995,1
345,997,1
346,1001,1
347,1000,1
348,1001,1
349,999,1
350,998,1
351,1001,1
352,1003,1
353,1004,1
354,1001,1
355,993,1
356,996,1
357,1016,1
358,1052,1
359,1097,1
360,1138,1
361,1171,1
362,1185,1
363,1169,1
364,1117,1
365,1054,1
366,1009,1
367,989,1
368,989,1
369,996,1
370,1002,1
371,1003,1
372,997,1
373,993,1
374,992,1
375,998,1
376,1000,1
377,1000,1
378,996,1
379,994,1
380,992,1
381,996,1
382,1000,1
383,999,1
384,997,1
385,992,1
386,993,1
387,999,1
388,1002,1
389,1000,1
390,998,1
391,1000,1
392,1003,1
393,1004,1
394,1009,1
395,1009,1
396,1008,1
397,1005,1
398,1007,1
399,1009,1
400,1013,1
401,1013,1
402,1009,1
403,1010,1
404,1009,1
405,1008,1
406,1010,1
407,1007,1
408,1004,1
409,1002,1
410,1004,1
411,1001,1
412,1007,1
413,1007,1
414,1003,1
415,1002,1
416,1000,1
417,1000,1
418,1003,1
419,1001,1
420,1000,1
421,997,1
422,1003,1
423,1004,1
424,1007,1
425,1005,1
426,1001,1
427,1001,1
428,1000,1
429,1002,1
430,1005,1
431,1005,1
432,1003,1
433,1000,1
434,1002,1
435,1004,1
436,1007,1
437,1003,1
438,1000,1
439,999,1
440,1000,1
441,998,1
442,1001,1
443,999,1
444,994,1
445,989,1
446,990,1
447,996,1
448,995,1
449,993,1
450,989,1
451,987,1
452,983,1
453,982,1
454,986,1
455,984,1
456,982,1
457,980,1
458,978,1
459,982,1
460,986,1
461,985,1
462,982,1
463,976,1
464,977,1
465,977,1
466,982,1
467,980,1
468,979,1
469,975,1
470,977,1
471,979,1
472,980,1
473,977,1
474,975,1
475,972,1
476,973,1
477,975,1
478,978,1
479,978,1
480,974,1
481,970,1
482,974,1
483,974,1
484,972,1
485,972,1
486,969,1
487,966,1
488,967,1
489,971,1
490,972,1
491,973,1
492,971,1
493,969,1
494,971,1
495,970,1
496,971,1
497,973,1
498,971,1
499,968,1
500,971,1
501,971,1
502,974,1
503,972,1
504,970,1
505,970,1
506,973,1
507,975,1
508,979,1
509,979,1
510,972,1
511,971,1
512,972,1
513,973,1
514,975,1
515,977,1
516,970,1
517,974,1
518,974,1
519,979,1
520,979,1
521,979,1
522,977,1
523,975,1
524,976,1
525,978,1
526,979,1
527,977,1
528,976,1
529,974,1
530,975,1
531,975,1
532,986,1
533,981,1
534,981,1
535,977,1
536,979,1
537,979,1
538,980,1
539,984,1
540,980,1
541,978,1
542,977,1
543,980,1
544,983,1
545,983,1
546,985,1
547,978,1
548,983,1
549,984,1
550,986,1
551,985,1
552,981,1
553,981,1
554,984,1
555,986,1
556,990,1
557,989,1
558,987,1
559,982,1
560,986,1
561,987,1
562,987,1
563,986,1
564,987,1
565,984,1
566,984,1
567,988,1
568,988,1
569,989,1
570,984,1
571,985,1
572,984,1
573,986,1
574,986,1
575,989,1
576,988,1
577,984,1
578,985,1
579,991,1
580,993,1
581,989,1
582,985,1
583,985,1
584,987,1
585,991,1
586,994,1
587,995,1
588,994,1
589,990,1
590,994,1
591,997,1
592,1003,1
593,1002,1
594,1002,1
595,1004,1
596,1008,1
597,1013,1
598,1021,1
599,1024,1
600,1028,1
601,1030,1
602,1035,1
603,1037,1
604,1042,1
605,1042,1
606,1037,1
607,1033,1
608,1034,1
609,1030,1
610,1030,1
611,1022,1
612,1019,1
613,1014,1
614,1010,1
615,1006,1
616,1006,1
617,995,1
618,989,1
619,987,1
620,983,1
621,983,1
622,984,1
623,984,1
624,984,1
625,982,1
626,981,1
627,984,1
628,986,1
629,986,1
630,985,1
631,983,1
632,987,1
633,988,1
634,990,1
635,991,1
636,988,1
637,986,1
638,985,1
639,982,1
640,978,1
641,981,1
642,995,1
643,1023,1
644,1062,1
645,1107,1
646,1147,1
647,1163,1
648,1140,1
649,1079,1
650,1020,1
651,985,1
652,972,1
653,974,1
654,975,1
655,983,1
656,991,1
657,993,1
658,996,1
659,993,1
660,988,1
661,985,1
662,986,1
663,987,1
664,991,1
665,986,1
666,988,1
667,984,1
668,987,1
669,989,1
670,990,1
671,989,1
672,989,1
673,988,1
674,992,1
675,992,1
676,994,1
677,994,1
678,993,1
679,992,1
680,993,1
681,995,1
682,999,1
683,997,1
684,994,1
685,993,1
686,994,1
687,997,1
688,1000,1
689,1000,1
690,998,1
691,995,1
692,998,1
693,999,1
694,1000,1
695,1001,1
696,999,1
697,995,1
698,997,1
699,998,1
700,1002,1
701,1001,1
702,1002,1
703,997,1
704,998,1
705,1003,1
706,1006,1
707,1004,1
708,1002,1
709,999,1
710,1004,1
711,1006,1
712,1007,1
713,1005,1
714,1005,1
715,1005,1
716,1004,1
717,1005,1
718,1007,1
719,1009,1
720,1004,1
721,1005,1
722,1005,1
723,1007,1
724,1008,1
725,1008,1
726,1002,1
727,997,1
728,1000,1
729,1000,1
730,1003,1
731,1001,1
732,997,1
733,995,1
734,992,1
735,997,1
736,996,1
737,992,1
738,991,1
739,987,1
740,990,1
741,992,1
742,994,1
743,992,1
744,993,1
745,989,1
746,989,1
747,994,1
748,995,1
749,993,1
750,993,1
751,988,1
752,992,1
753,991,1
754,994,1
755,993,1
756,990,1
757,987,1
758,990,1
759,990,1
760,992,1
761,991,1
762,988,1
763,986,1
764,987,1
765,993,1
766,993,1
767,989,1
768,986,1
769,986,1
770,988,1
771,989,1
772,992,1
773,992,1
774,987,1
775,987,1
776,985,1
777,990,1
778,990,1
779,989,1
780,987,1
781,987,1
782,987,1
783,990,1
784,993,1
785,991,1
786,990,1
787,986,1
788,988,1
789,990,1
790,992,1
791,993,1
792,989,1
793,988,1
794,988,1
795,993,1
796,992,1
797,992,1
798,991,1
799,991,1
800,993,1
801,994,1
802,999,1
803,998,1
804,993,1
805,990,1
806,991,1
807,994,1
808,998,1
809,995,1
810,993,1
811,990,1
812,992,1
813,993,1
814,995,1
815,995,1
816,990,1
817,991,1
818,994,1
819,995,1
820,996,1
821,995,1
822,993,1
823,989,1
824,992,1
825,996,1
826,1001,1
827,997,1
828,994,1
829,994,1
830,994,1
831,999,1
832,1001,1
833,1001,1
834,998,1
835,994,1
836,996,1
837,996,1
838,1000,1
839,1001,1
840,1001,1
841,1002,1
842,1004,1
843,1010,1
844,1014,1
845,1015,1
846,1016,1
847,1012,1
848,1016,1
849,1023,1
850,1035,1
851,1046,1
852,1052,1
853,1055,1
854,1056,1
855,1054,1
856,1058,1
857,1056,1
858,1049,1
859,1043,1
860,1040,1
861,1037,1
862,1041,1
863,1037,1
864,1028,1
865,1019,1
866,1010,1
867,1005,1
868,1002,1
869,998,1
870,991,1
871,989,1
872,987,1
873,991,1
874,994,1
875,993,1
876,989,1
877,988,1
878,992,1
879,990,1
880,996,1
881,998,1
882,995,1
883,992,1
884,992,1
885,992,1
886,992,1
887,995,1
888,1011,1
889,1047,1
890,1096,1
891,1139,1
892,1171,1
893,1183,1
894,1176,1
895,1136,1
896,1086,1
897,1034,1
898,1000,1
899,981,1
900,975,1
901,978,1
902,986,1
903,994,1
904,1000,1
905,1000,1
906,993,1
907,990,1
908,991,1
909,994,1
910,996,1
911,992,1
912,992,1
913,992,1
914,992,1
915,994,1
916,996,1
917,996,1
918,993,1
919,993,1
920,993,1
921,996,1
922,998,1
923,999,1
924,999,1
925,997,1
926,996,1
927,1000,1
928,1000,1
929,1001,1
930,1000,1
931,999,1
932,1000,1
933,1004,1
934,1006,1
935,1005,1
936,1002,1
937,1003,1
938,1000,1
939,1004,1
940,1005,1
941,1002,1
942,1003,1
943,999,1
944,1002,1
945,1003,1
946,1007,1
947,1005,1
948,1005,1
949,1002,1
950,1004,1
951,1006,1
952,1010,1
953,1010,1
954,1008,1
955,1003,1
956,1007,1
957,1009,1
958,1014,1
959,1013,1
960,1012,1
961,1010,1
962,1008,1
963,1009,1
964,1015,1
965,1015,1
966,1012,1
967,1012,1
968,1013,1
969,1015,1
970,1014,1
971,1013,1
972,1013,1
973,1011,1
974,1011,1
975,1016,1
976,1015,1
977,1014,1
978,1010,1
979,1007,1
980,1009,1
981,1011,1
982,1011,1
983,1011,1
984,1008,1
985,1004,1
986,1005,1
987,1004,1
988,1004,1
989,1003,1
990,1000,1
991,1000,1
992,998,1
993,1000,1
994,1003,1
995,1000,1
996,996,1
997,994,1
998,998,1
999,998,1
1000,998,1
1001,997,1
1002,995,1
1003,994,1
1004,996,1
1005,997,1
1006,992,1
1007,991,1
1008,991,1
1009,993,1
1010,994,1
1011,997,1
1012,999,1
1013,992,1
1014,992,1
1015,992,1
1016,994,1
1017,997,1
1018,994,1
1019,994,1
1020,995,1
1021,997,1
1022,1000,1
1023,1001,1
1024,1000,1
1025,999,1
1026,993,1
1027,996,1
1028,997,1
1029,1001,1
1030,999,1
1031,995,1
1032,991,1
1033,993,1
1034,997,1
1035,1000,1
1036,999,1
1037,995,1
1038,993,1
1039,995,1
1040,996,1
1041,996,1
1042,995,1
1043,992,1
1044,992,1
1045,994,1
1046,995,1
1047,993,1
1048,993,1
1049,993,1
1050,994,1
1051,992,1
1052,995,1
1053,996,1
1054,996,1
1055,992,1
1056,991,1
1057,996,1
1058,996,1
1059,998,1
1060,999,1
1061,996,1
1062,996,1
1063,997,1
1064,999,1
1065,1001,1
1066,999,1
1067,996,1
1068,997,1
1069,999,1
1070,1000,1
1071,1002,1
1072,1000,1
1073,999,1
1074,995,1
1075,996,1
1076,1000,1
1077,1004,1
1078,1004,1
1079,1001,1
1080,1001,1
1081,1000,1
1082,1005,1
1083,1003,1
1084,1002,1
1085,1002,1
1086,1000,1
1087,1003,1
1088,1000,1
1089,1002,1
1090,1003,1
1091,1002,1
1092,1001,1
1093,1001,1
1094,1004,1
1095,1006,1
1096,1006,1
1097,1005,1
1098,1004,1
1099,1004,1
1100,1004,1
1101,1008,1
1102,1008,1
1103,1006,1
1104,1006,1
1105,1005,1
1106,1006,1
1107,1010,1
1108,1009,1
1109,1006,1
1110,1006,1
1111,1004,1
1112,1006,1
1113,1007,1
1114,1008,1
1115,1008,1
1116,1004,1
1117,1005,1
1118,1009,1
1119,1011,1
1120,1010,1
1121,1003,1
1122,1004,1
1123,1005,1
1124,1009,1
1125,1011,1
1126,1011,1
1127,1009,1
1128,1009,1
1129,1012,1
1130,1013,1
1131,1015,1
1132,1014,1
1133,1013,1
1134,1011,1
1135,1016,1
1136,1022,1
1137,1027,1
1138,1026,1
1139,1022,1
1140,1021,1
1141,1027,1
1142,1032,1
1143,1036,1
1144,1039,1
1145,1042,1
1146,1045,1
1147,1049,1
1148,1057,1
1149,1060,1
1150,1063,1
1151,1060,1
1152,1053,1
1153,1052,1
1154,1048,1
1155,1047,1
1156,1044,1
1157,1039,1
1158,1035,1
1159,1035,1
1160,1030,1
1161,1026,1
1162,1018,1
1163,1008,1
1164,1005,1
1165,1003,1
1166,1002,1
1167,1003,1
1168,1000,1
1169,997,1
1170,995,1
1171,996,1
1172,999,1
1173,1000,1
1174,999,1
1175,998,1
1176,998,1
1177,1001,1
1178,1003,1
1179,1006,1
1180,1003,1
1181,1003,1
1182,1000,1
1183,1003,1
1184,1004,1
1185,1003,1
1186,996,1
1187,992,1
1188,1000,1
1189,1019,1
1190,1045,1
1191,1078,1
1192,1109,1
1193,1145,1
1194,1179,1
1195,1200,1
1196,1188,1
1197,1135,1
1198,1067,1
1199,1013,1
1200,992,1
1201,987,1
1202,996,1
1203,1006,1
1204,1008,1
1205,1007,1
1206,1005,1
1207,1003,1
1208,1000,1
1209,1004,1
1210,1001,1
1211,1000,1
1212,1002,1
1213,1003,1
1214,1003,1
1215,1007,1
1216,1005,1
1217,1003,1
1218,1002,1
1219,1004,1
1220,1008,1
1221,1010,1
1222,1007,1
1223,1006,1
1224,1005,1
1225,1006,1
1226,1011,1
1227,1010,1
1228,1011,1
1229,1009,1
1230,1008,1
1231,1012,1
1232,1014,1
1233,1015,1
1234,1013,1
1235,1013,1
1236,1011,1
1237,1012,1
1238,1014,1
1239,1016,1
1240,1015,1
1241,1010,1
1242,1010,1
1243,1013,1
1244,1014,1
1245,1016,1
1246,1015,1
1247,1014,1
1248,1011,1
1249,1010,1
1250,1016,1
1251,1017,1
1252,1019,1
1253,1013,1
1254,1013,1
1255,1014,1
1256,1014,1
1257,1019,1
1258,1015,1
1259,1014,1
1260,1013,1
1261,1015,1
1262,1018,1
1263,1020,1
1264,1018,1
1265,1016,1
1266,1016,1
1267,1017,1
1268,1017,1
1269,1023,1
1270,1017,1
1271,1016,1
1272,1014,1
1273,1015,1
1274,1017,1
1275,1018,1
1276,1017,1
1277,1015,1
1278,1010,1
1279,1013,1
1280,1015,1
1281,1014,1
1282,1012,1
1283,1009,1
1284,1003,1
1285,1004,1
1286,1006,1
1287,1006,1
1288,1003,1
1289,999,1
1290,1000,1
1291,1001,1
1292,1004,1
1293,1006,1
1294,1003,1
1295,1000,1
1296,995,1
1297,996,1
1298,1000,1
1299,1001,1
1300,998,1
1301,996,1
1302,993,1
1303,995,1
1304,993,1
1305,995,1
1306,996,1
1307,992,1
1308,995,1
1309,995,1
1310,996,1
1311,994,1
1312,997,1
1313,994,1
1314,991,1
1315,992,1
1316,990,1
1317,995,1
1318,995,1
1319,987,1
1320,988,1
1321,988,1
1322,992,1
1323,996,1
1324,993,1
1325,990,1
1326,988,1
1327,987,1
1328,991,1
1329,992,1
1330,987,1
1331,988,1
1332,986,1
1333,988,1
1334,992,1
1335,994,1
1336,994,1
1337,992,1
1338,990,1
1339,990,1
1340,993,1
1341,994,1
1342,992,1
1343,989,1
1344,986,1
1345,985,1
1346,987,1
1347,990,1
1348,988,1
1349,991,1
1350,988,1
1351,991,1
1352,991,1
1353,993,1
1354,988,1
1355,985,1
1356,984,1
1357,988,1
1358,990,1
1359,991,1
1360,991,1
1361,989,1
1362,988,1
1363,990,1
1364,992,1
1365,995,1
1366,993,1
1367,990,1
1368,991,1
1369,989,1
1370,990,1
1371,996,1
1372,994,1
1373,990,1
1374,989,1
1375,990,1
1376,994,1
1377,995,1
1378,994,1
1379,992,1
1380,989,1
1381,993,1
1382,994,1
1383,996,1
1384,995,1
1385,994,1
1386,988,1
1387,990,1
1388,995,1
1389,998,1
1390,995,1
1391,993,1
1392,987,1
1393,991,1
1394,993,1
1395,996,1
1396,996,1
1397,994,1
1398,992,1
1399,993,1
1400,993,1
1401,996,1
1402,996,1
1403,995,1
1404,994,1
1405,991,1
1406,995,1
1407,998,1
1408,996,1
1409,995,1
1410,992,1
1411,992,1
1412,995,1
1413,998,1
1414,998,1
1415,993,1
1416,994,1
1417,995,1
1418,1000,1
1419,1001,1
1420,1000,1
1421,997,1
1422,1000,1
1423,1002,1
1424,1006,1
1425,1009,1
1426,1014,1
1427,1013,1
1428,1010,1
1429,1017,1
1430,1024,1
1431,1028,1
1432,1034,1
1433,1039,1
1434,1042,1
1435,1043,1
1436,1047,1
1437,1048,1
1438,1047,1
1439,1041,1
1440,1036,1
1441,1032,1
1442,1032,1
1443,1031,1
1444,1027,1
1445,1023,1
1446,1019,1
1447,1015,1
1448,1010,1
1449,1005,1
1450,998,1
1451,991,1
1452,991,1
1453,992,1
1454,989,1
1455,989,1
1456,988,1
1457,987,1
1458,984,1
1459,988,1
1460,990,1
1461,993,1
1462,994,1
1463,988,1
1464,990,1
1465,992,1
1466,994,1
1467,1000,1
1468,1002,1
1469,997,1
1470,994,1
1471,997,1
1472,1001,1
1473,996,1
1474,991,1
1475,984,1
1476,989,1
1477,1007,1
1478,1040,1
1479,1077,1
1480,1114,1
1481,1152,1
1482,1179,1
1483,1195,1
1484,1182,1
1485,1133,1
1486,1068,1
1487,1013,1
1488,986,1
1489,980,1
1490,989,1
1491,995,1
1492,1003,1
1493,1003,1
1494,997,1
1495,998,1
1496,997,1
1497,1001,1
1498,999,1
1499,997,1
1500,996,1
1501,1001,1
1502,1003,1
1503,1004,1
1504,1001,1
1505,1000,1
1506,999,1
1507,999,1
1508,997,1
1509,1002,1
1510,1001,1
1511,999,1
1512,999,1
1513,1001,1
1514,1003,1
1515,1009,1
1516,1004,1
1517,1001,1
1518,1002,1
1519,1005,1
1520,1007,1
1521,1012,1
1522,1010,1
1523,1008,1
1524,1006,1
1525,1010,1
1526,1012,1
1527,1015,1
1528,1011,1
1529,1011,1
1530,1009,1
1531,1010,1
1532,1011,1
1533,1012,1
1534,1012,1
1535,1011,1
1536,1011,1
1537,1012,1
1538,1014,1
1539,1012,1
1540,1014,1
1541,1014,1
1542,1013,1
1543,1017,1
1544,1018,1
1545,1022,1
1546,1019,1
1547,1017,1
1548,1012,1
1549,1016,1
1550,1020,1
1551,1020,1
1552,1022,1
1553,1018,1
1554,1017,1
1555,1020,1
1556,1022,1
1557,1026,1
1558,1026,1
1559,1025,1
1560,1021,1
1561,1023,1
1562,1023,1
1563,1022,1
1564,1024,1
1565,1020,1
1566,1020,1
1567,1020,1
1568,1021,1
1569,1023,1
1570,1019,1
1571,1015,1
1572,1016,1
1573,1017,1
1574,1018,1
1575,1020,1
1576,1016,1
1577,1011,1
1578,1010,1
1579,1011,1
1580,1012,1
1581,1014,1
1582,1010,1
1583,1008,1
1584,1003,1
1585,1005,1
1586,1008,1
1587,1010,1
1588,1012,1
1589,1007,1
1590,1005,1
1591,1004,1
1592,1009,1
1593,1009,1
1594,1008,1
1595,1004,1
1596,1000,1
1597,1003,1
1598,1003,1
1599,1005,1
1600,1005,1
1601,1004,1
1602,1002,1
1603,1001,1
1604,1005,1
1605,1005,1
1606,1005,1
1607,1003,1
1608,1001,1
1609,1002,1
1610,1003,1
1611,1009,1
1612,1006,1
1613,1006,1
1614,1004,1
1615,1005,1
1616,1003,1
1617,1007,1
1618,1007,1
1619,1003,1
1620,1004,1
1621,1001,1
1622,1002,1
1623,1003,1
1624,1004,1
1625,1002,1
1626,1000,1
1627,1004,1
1628,1003,1
1629,1005,1
1630,1003,1
1631,1002,1
1632,998,1
1633,1000,1
1634,1003,1
1635,1004,1
1636,1005,1
1637,1003,1
1638,1003,1
1639,1004,1
1640,1003,1
1641,1008,1
1642,1009,1
1643,1003,1
1644,1003,1
1645,1004,1
1646,1005,1
1647,1008,1
1648,1006,1
1649,1006,1
1650,1006,1
1651,1005,1
1652,1008,1
1653,1010,1
1654,1008,1
1655,1005,1
1656,1003,1
1657,1003,1
1658,1003,1
1659,1007,1
1660,1012,1
1661,1005,1
1662,1007,1
1663,1008,1
1664,1008,1
1665,1013,1
1666,1009,1
1667,1007,1
1668,1007,1
1669,1009,1
1670,1009,1
1671,1010,1
1672,1012,1
1673,1009,1
1674,1008,1
1675,1009,1
1676,1013,1
1677,1014,1
1678,1012,1
1679,1008,1
1680,1007,1
1681,1010,1
1682,1013,1
1683,1016,1
1684,1014,1
1685,1011,1
1686,1004,1
1687,1010,1
1688,1013,1
1689,1016,1
1690,1010,1
1691,1014,1
1692,1010,1
1693,1014,1
1694,1014,1
1695,1017,1
1696,1016,1
1697,1013,1
1698,1010,1
1699,1010,1
1700,1014,1
1701,1016,1
1702,1016,1
1703,1014,1
1704,1012,1
1705,1009,1
1706,1010,1
1707,1013,1
1708,1012,1
1709,1009,1
1710,1008,1
1711,1011,1
1712,1012,1
1713,1015,1
1714,1017,1
1715,1016,1
1716,1018,1
1717,1019,1
1718,1025,1
1719,1026,1
1720,1025,1
1721,1025,1
1722,1025,1
1723,1029,1
1724,1034,1
1725,1038,1
1726,1043,1
1727,1046,1
1728,1050,1
1729,1054,1
1730,1058,1
1731,1061,1
1732,1058,1
1733,1055,1
1734,1051,1
1735,1050,1
1736,1044,1
1737,1045,1
1738,1041,1
1739,1035,1
1740,1032,1
1741,1029,1
1742,1027,1
1743,1024,1
1744,1017,1
1745,1011,1
1746,1003,1
1747,999,1
1748,1002,1
1749,998,1
1750,995,1
1751,994,1
1752,995,1
1753,994,1
1754,997,1
1755,1001,1
1756,998,1
1757,993,1
1758,991,1
1759,992,1
1760,996,1
1761,998,1
1762,997,1
1763,994,1
1764,991,1
1765,998,1
1766,1001,1
1767,1001,1
1768,1000,1
1769,1000,1
1770,994,1
1771,992,1
1772,990,1
1773,1002,1
1774,1018,1
1775,1045,1
1776,1079,1
1777,1122,1
1778,1157,1
1779,1174,1
1780,1162,1
1781,1119,1
1782,1062,1
1783,1018,1
1784,993,1
1785,983,1
1786,984,1
1787,988,1
1788,989,1
1789,996,1
1790,997,1
1791,1000,1
1792,997,1
1793,992,1
1794,992,1
1795,990,1
1796,993,1
1797,995,1
1798,996,1
1799,994,1
1800,995,1
1801,994,1
1802,996,1
1803,999,1
1804,997,1
1805,995,1
1806,994,1
1807,995,1
1808,994,1
1809,994,1
1810,998,1
1811,996,1
1812,992,1
1813,994,1
1814,999,1
1815,1001,1
1816,1002,1
1817,998,1
1818,995,1
1819,995,1
1820,1000,1
1821,1003,1
1822,1000,1
1823,1000,1
1824,999,1
1825,1000,1
1826,1001,1
1827,1005,1
1828,1006,1
1829,1003,1
1830,1001,1
1831,1004,1
1832,1002,1
1833,1006,1
1834,1004,1
1835,1004,1
1836,999,1
1837,1003,1
1838,1007,1
1839,1008,1
1840,1007,1
1841,1003,1
1842,1004,1
1843,1004,1
1844,1004,1
1845,1006,1
1846,1007,1
1847,1004,1
1848,1001,1
1849,1005,1
1850,1008,1
1851,1009,1
1852,1007,1
1853,1008,1
1854,1005,1
1855,1006,1
1856,1008,1
1857,1012,1
1858,1008,1
1859,1007,1
1860,1004,1
1861,1004,1
1862,1005,1
1863,1010,1
1864,1008,1
1865,1008,1
1866,1008,1
1867,1007,1
1868,1005,1
1869,1007,1
1870,1003,1
1871,999,1
1872,995,1
1873,993,1
1874,996,1
1875,1000,1
1876,998,1
1877,993,1
1878,991,1
1879,992,1
1880,993,1
1881,994,1
1882,992,1
1883,993,1
1884,992,1
1885,992,1
1886,995,1
1887,994,1
1888,991,1
1889,988,1
1890,987,1
1891,988,1
1892,988,1
1893,990,1
1894,991,1
1895,990,1
1896,988,1
1897,989,1
1898,992,1
1899,993,1
1900,991,1
1901,989,1
1902,987,1
1903,986,1
1904,992,1
1905,992,1
1906,992,1
1907,988,1
1908,985,1
1909,985,1
1910,988,1
1911,991,1
1912,989,1
1913,987,1
1914,986,1
1915,984,1
1916,986,1
1917,989,1
1918,986,1
1919,987,1
1920,983,1
1921,984,1
1922,986,1
1923,991,1
1924,990,1
1925,987,1
1926,987,1
1927,987,1
1928,989,1
1929,988,1
1930,991,1
1931,989,1
1932,986,1
1933,987,1
1934,993,1
1935,992,1
1936,990,1
1937,986,1
1938,987,1
1939,988,1
1940,992,1
1941,996,1
1942,995,1
1943,992,1
1944,991,1
1945,988,1
1946,993,1
1947,994,1
1948,991,1
1949,991,1
1950,991,1
1951,989,1
1952,991,1
1953,995,1
1954,995,1
1955,993,1
1956,992,1
1957,991,1
1958,996,1
1959,997,1
1960,995,1
1961,994,1
1962,992,1
1963,993,1
1964,996,1
1965,998,1
1966,997,1
1967,994,1
1968,995,1
1969,993,1
1970,996,1
1971,1001,1
1972,1000,1
1973,998,1
1974,999,1
1975,998,1
1976,1001,1
1977,1000,1
1978,999,1
1979,999,1
1980,998,1
1981,1000,1
1982,998,1
1983,1001,1
1984,1001,1
1985,999,1
1986,999,1
1987,999,1
1988,999,1
1989,1002,1
1990,1005,1
1991,999,1
1992,997,1
1993,999,1
1994,1004,1
1995,1007,1
1996,1004,1
1997,1002,1
1998,1001,1
1999,1000,1
2000,1003,1
2001,1008,1
2002,1005,1
2003,1002,1
2004,1001,1
2005,1001,1
2006,1006,1
2007,1007,1
2008,1005,1
2009,1004,1
2010,1002,1
2011,1006,1
2012,1008,1
2013,1010,1
2014,1011,1
2015,1010,1
2016,1013,1
2017,1014,1
2018,1019,1
2019,1024,1
2020,1026,1
2021,1025,1
2022,1027,1
2023,1033,1
2024,1043,1
2025,1051,1
2026,1052,1
2027,1054,1
2028,1053,1
2029,1054,1
2030,1051,1
2031,1050,1
2032,1047,1
2033,1043,1
2034,1039,1
2035,1037,1
2036,1039,1
2037,1038,1
2038,1035,1
2039,1024,1
2040,1015,1
2041,1011,1
2042,1005,1
2043,1003,1
2044,1000,1
2045,998,1
2046,996,1
2047,994,1
2048,999,1
2049,1002,1
2050,1001,1
2051,998,1
2052,997,1
2053,997,1
2054,1001,1
2055,1003,1
2056,1002,1
2057,1004,1
2058,1004,1
2059,1004,1
2060,1006,1
2061,1010,1
2062,1008,1
2063,1005,1
2064,999,1
2065,995,1
2066,994,1
2067,998,1
2068,1010,1
2069,1034,1
2070,1067,1
2071,1112,1
2072,1157,1
2073,1184,1
2074,1178,1
2075,1134,1
2076,1067,1
2077,1018,1
2078,998,1
2079,995,1
2080,1001,1
2081,1004,1
2082,1005,1
2083,1008,1
2084,1013,1
2085,1012,1
2086,1008,1
2087,1005,1
2088,1007,1
2089,1006,1
2090,1008,1
2091,1009,1
2092,1011,1
2093,1009,1
2094,1008,1
2095,1010,1
2096,1012,1
2097,1012,1
2098,1013,1
2099,1012,1
2100,1011,1
2101,1013,1
2102,1015,1
2103,1014,1
2104,1013,1
2105,1010,1
2106,1008,1
2107,1014,1
2108,1014,1
2109,1020,1
2110,1017,1
2111,1014,1
2112,1016,1
2113,1015,1
2114,1018,1
2115,1020,1
2116,1021,1
2117,1017,1
2118,1016,1
2119,1018,1
2120,1020,1
2121,1021,1
2122,1019,1
2123,1017,1
2124,1019,1
2125,1019,1
2126,1021,1
2127,1023,1
2128,1021,1
2129,1018,1
2130,1017,1
2131,1017,1
2132,1022,1
2133,1023,1
2134,1023,1
2135,1020,1
2136,1020,1
2137,1020,1
2138,1024,1
2139,1027,1
2140,1028,1
2141,1025,1
2142,1024,1
2143,1024,1
2144,1027,1
2145,1025,1
2146,1027,1
2147,1026,1
2148,1023,1
2149,1026,1
2150,1027,1
2151,1031,1
2152,1026,1
2153,1025,1
2154,1024,1
2155,1024,1
2156,1024,1
2157,1026,1
2158,1024,1
2159,1021,1
2160,1017,1
2161,1018,1
2162,1018,1
2163,1019,1
2164,1015,1
2165,1013,1
2166,1009,1
2167,1012,1
2168,1013,1
2169,1017,1
2170,1013,1
2171,1008,1
2172,1004,1
2173,1010,1
2174,1015,1
2175,1014,1
2176,1014,1
2177,1010,1
2178,1009,1
2179,1010,1
2180,1014,1
2181,1015,1
2182,1015,1
2183,1013,1
2184,1011,1
2185,1009,1
2186,1012,1
2187,1017,1
2188,1014,1
2189,1009,1
2190,1007,1
2191,1006,1
2192,1013,1
2193,1013,1
2194,1011,1
2195,1011,1
2196,1006,1
2197,1008,1
2198,1011,1
2199,1012,1
2200,1010,1
2201,1005,1
2202,1005,1
2203,1006,1
2204,1008,1
2205,1008,1
2206,1008,1
2207,1005,1
2208,1004,1
2209,1006,1
2210,1010,1
2211,1010,1
2212,1009,1
2213,1006,1
2214,1004,1
2215,1006,1
2216,1008,1
2217,1012,1
2218,1012,1
2219,1007,1
2220,1005,1
2221,1007,1
2222,1011,1
2223,1012,1
2224,1011,1
2225,1006,1
2226,1006,1
2227,1008,1
2228,1010,1
2229,1012,1
2230,1012,1
2231,1011,1
2232,1010,1
2233,1011,1
2234,1013,1
2235,1015,1
2236,1013,1
2237,1010,1
2238,1009,1
2239,1013,1
2240,1016,1
2241,1016,1
2242,1015,1
2243,1013,1
2244,1011,1
2245,1013,1
2246,1014,1
2247,1015,1
2248,1016,1
2249,1013,1
2250,1011,1
2251,1013,1
2252,1020,1
2253,1021,1
2254,1018,1
2255,1015,1
2256,1015,1
2257,1016,1
2258,1015,1
2259,1019,1
2260,1017,1
2261,1017,1
2262,1013,1
2263,1013,1
2264,1014,1
2265,1020,1
2266,1018,1
2267,1016,1
2268,1012,1
2269,1015,1
2270,1017,1
2271,1021,1
2272,1022,1
2273,1020,1
2274,1019,1
2275,1019,1
2276,1024,1
2277,1029,1
2278,1028,1
2279,1028,1
2280,1029,1
2281,1031,1
2282,1031,1
2283,1037,1
2284,1037,1
2285,1040,1
2286,1046,1
2287,1056,1
2288,1069,1
2289,1074,1
2290,1075,1
2291,1074,1
2292,1070,1
2293,1072,1
2294,1075,1
2295,1070,1
2296,1063,1
2297,1060,1
2298,1055,1
2299,1050,1
2300,1050,1
2301,1044,1
2302,1041,1
2303,1025,1
2304,1018,1
2305,1015,1
2306,1017,1
2307,1014,1
2308,1012,1
2309,1008,1
2310,1006,1
2311,1004,1
2312,1007,1
2313,1007,1
2314,1006,1
2315,1004,1
2316,1000,1
2317,1005,1
2318,1009,1
2319,1012,1
2320,1011,1
2321,1009,1
2322,1008,1
2323,1010,1
2324,1014,1
2325,1015,1
2326,1014,1
2327,1009,1
2328,1004,1
2329,1003,1
2330,1008,1
2331,1029,1
2332,1060,1
2333,1097,1
2334,1132,1
2335,1167,1
2336,1196,1
2337,1202,1
2338,1183,1
2339,1131,1
2340,1062,1
2341,1012,1
2342,990,1
2343,993,1
2344,1004,1
2345,1008,1
2346,1007,1
2347,1005,1
2348,1004,1
2349,1006,1
2350,1004,1
2351,1004,1
2352,1003,1
2353,1006,1
2354,1009,1
2355,1007,1
2356,1010,1
2357,1007,1
2358,1007,1
2359,1008,1
2360,1008,1
2361,1009,1
2362,1008,1
2363,1006,1
2364,1006,1
2365,1008,1
2366,1010,1
2367,1012,1
2368,1011,1
2369,1008,1
2370,1009,1
2371,1008,1
2372,1011,1
2373,1013,1
2374,1012,1
2375,1011,1
2376,1008,1
2377,1008,1
2378,1013,1
2379,1016,1
2380,1015,1
2381,1014,1
2382,1011,1
2383,1011,1
2384,1015,1
2385,1018,1
2386,1012,1
2387,1014,1
2388,1010,1
2389,1014,1
2390,1017,1
2391,1018,1
2392,1017,1
2393,1015,1
2394,1014,1
2395,1016,1
2396,1018,1
2397,1022,1
2398,1019,1
2399,1016,1
2400,1015,1
2401,1019,1
2402,1021,1
2403,1024,1
2404,1021,1
2405,1021,1
2406,1020,1
2407,1021,1
2408,1022,1
2409,1023,1
2410,1023,1
2411,1021,1
2412,1017,1
2413,1016,1
2414,1019,1
2415,1020,1
2416,1019,1
2417,1016,1
2418,1012,1
2419,1011,1
2420,1016,1
2421,1013,1
2422,1010,1
2423,1006,1
2424,1003,1
2425,1004,1
2426,1006,1
2427,1010,1
2428,1006,1
2429,1001,1
2430,999,1
2431,1001,1
2432,1001,1
2433,1003,1
2434,1000,1
2435,998,1
2436,997,1
2437,995,1
2438,995,1
2439,997,1
2440,994,1
2441,991,1
2442,990,1
2443,990,1
2444,993,1
2445,993,1
2446,993,1
2447,991,1
2448,990,1
2449,990,1
2450,991,1
2451,994,1
2452,990,1
2453,989,1
2454,987,1
2455,992,1
2456,991,1
2457,994,1
2458,991,1
2459,990,1
2460,988,1
2461,989,1
2462,989,1
2463,991,1
2464,989,1
2465,985,1
2466,984,1
2467,986,1
2468,988,1
2469,988,1
2470,989,1
2471,989,1
2472,988,1
2473,988,1
2474,989,1
2475,993,1
2476,989,1
2477,987,1
2478,987,1
2479,986,1
2480,986,1
2481,989,1
2482,990,1
2483,988,1
2484,987,1
2485,987,1
2486,989,1
2487,991,1
2488,990,1
2489,988,1
2490,985,1
2491,988,1
2492,991,1
2493,990,1
2494,990,1
2495,991,1
2496,988,1
2497,990,1
2498,991,1
2499,994,1
2500,989,1
2501,991,1
2502,988,1
2503,990,1
2504,993,1
2505,993,1
2506,990,1
2507,991,1
2508,989,1
2509,990,1
2510,994,1
2511,992,1
2512,991,1
2513,988,1
2514,989,1
2515,990,1
2516,993,1
2517,994,1
2518,992,1
2519,988,1
2520,988,1
2521,989,1
2522,991,1
2523,992,1
2524,992,1
2525,988,1
2526,987,1
2527,986,1
2528,989,1
2529,990,1
2530,992,1
2531,989,1
2532,986,1
2533,984,1
2534,988,1
2535,989,1
2536,989,1
2537,986,1
2538,982,1
2539,983,1
2540,985,1
2541,987,1
2542,986,1
2543,983,1
2544,982,1
2545,983,1
2546,984,1
2547,985,1
2548,983,1
2549,983,1
2550,982,1
2551,983,1
2552,984,1
2553,987,1
2554,980,1
2555,978,1
2556,978,1
2557,982,1
2558,981,1
2559,984,1
2560,981,1
2561,979,1
2562,979,1
2563,979,1
2564,982,1
2565,980,1
2566,977,1
2567,974,1
2568,975,1
2569,977,1
2570,979,1
2571,980,1
2572,977,1
2573,978,1
2574,976,1
2575,980,1
2576,980,1
2577,981,1
2578,978,1
2579,976,1
2580,975,1
2581,979,1
2582,981,1
2583,980,1
2584,981,1
2585,978,1
2586,981,1
2587,980,1
2588,984,1
2589,985,1
2590,983,1
2591,981,1
2592,978,1
2593,981,1
2594,989,1
2595,991,1
2596,992,1
2597,990,1
2598,991,1
2599,993,1
2600,997,1
2601,1001,1
2602,1003,1
2603,1000,1
2604,996,1
2605,988,1
2606,992,1
2607,991,1
2608,986,1
2609,980,1
2610,981,1
2611,981,1
2612,984,1
2613,984,1
2614,977,1
2615,972,1
2616,970,1
2617,965,1
2618,966,1
2619,970,1
2620,970,1
2621,966,1
2622,963,1
2623,964,1
2624,964,1
2625,970,1
2626,970,1
2627,968,1
2628,967,1
2629,966,1
2630,968,1
2631,971,1
2632,973,1
2633,969,1
2634,969,1
2635,971,1
2636,974,1
2637,970,1
2638,966,1
2639,957,1
2640,962,1
2641,984,1
2642,1015,1
2643,1055,1
2644,1087,1
2645,1106,1
2646,1107,1
2647,1086,1
2648,1044,1
2649,993,1
2650,955,1
2651,940,1
2652,941,1
2653,952,1
2654,963,1
2655,972,1
2656,972,1
2657,970,1
2658,964,1
2659,965,1
2660,966,1
2661,965,1
2662,963,1
2663,962,1
2664,961,1
2665,968,1
2666,969,1
2667,971,1
2668,968,1
2669,966,1
2670,964,1
2671,964,1
2672,971,1
2673,971,1
2674,969,1
2675,966,1
2676,963,1
2677,968,1
2678,968,1
2679,970,1
2680,970,1
2681,969,1
2682,967,1
2683,969,1
2684,972,1
2685,975,1
2686,971,1
2687,965,1
2688,964,1
2689,967,1
2690,971,1
2691,973,1
2692,971,1
2693,966,1
2694,962,1
2695,964,1
2696,965,1
2697,970,1
2698,972,1
2699,970,1
2700,967,1
2701,970,1
2702,970,1
2703,973,1
2704,972,1
2705,968,1
2706,966,1
2707,966,1
2708,970,1
2709,972,1
2710,969,1
2711,965,1
2712,966,1
2713,968,1
2714,970,1
2715,973,1
2716,972,1
2717,968,1
2718,964,1
2719,963,1
2720,965,1
2721,969,1
2722,966,1
2723,965,1
2724,963,1
2725,965,1
2726,966,1
2727,968,1
2728,965,1
2729,963,1
2730,962,1
2731,962,1
2732,963,1
2733,961,1
2734,953,1
2735,951,1
2736,948,1
2737,946,1
2738,947,1
2739,947,1
2740,949,1
2741,947,1
2742,944,1
2743,946,1
2744,946,1
2745,947,1
2746,945,1
2747,941,1
2748,940,1
2749,936,1
2750,943,1
2751,950,1
2752,948,1
2753,942,1
2754,943,1
2755,942,1
2756,943,1
2757,945,1
2758,944,1
2759,937,1
2760,937,1
2761,938,1
2762,941,1
2763,945,1
2764,945,1
2765,937,1
2766,938,1
2767,937,1
2768,938,1
2769,937,1
2770,940,1
2771,938,1
2772,936,1
2773,937,1
2774,939,1
2775,941,1
2776,941,1
2777,939,1
2778,936,1
2779,937,1
2780,939,1
2781,935,1
2782,938,1
2783,935,1
2784,935,1
2785,936,1
2786,937,1
2787,938,1
2788,938,1
2789,937,1
2790,934,1
2791,938,1
2792,939,1
2793,943,1
2794,940,1
2795,937,1
2796,938,1
2797,938,1
2798,939,1
2799,941,1
2800,938,1
2801,937,1
2802,936,1
2803,935,1
2804,942,1
2805,942,1
2806,942,1
2807,938,1
2808,937,1
2809,938,1
2810,941,1
2811,945,1
2812,944,1
2813,942,1
2814,938,1
2815,940,1
2816,942,1
2817,944,1
2818,941,1
2819,939,1
2820,938,1
2821,939,1
2822,940,1
2823,944,1
2824,942,1
2825,943,1
2826,940,1
2827,940,1
2828,943,1
2829,943,1
2830,943,1
2831,940,1
2832,940,1
2833,941,1
2834,943,1
2835,944,1
2836,943,1
2837,944,1
2838,942,1
2839,940,1
2840,944,1
2841,947,1
2842,947,1
2843,944,1
2844,943,1
2845,941,1
2846,946,1
2847,946,1
2848,945,1
2849,944,1
2850,940,1
2851,945,1
2852,946,1
2853,949,1
2854,946,1
2855,943,1
2856,940,1
2857,941,1
2858,945,1
2859,947,1
2860,945,1
2861,944,1
2862,942,1
2863,939,1
2864,945,1
2865,947,1
2866,944,1
2867,942,1
2868,941,1
2869,944,1
2870,946,1
2871,948,1
2872,947,1
2873,945,1
2874,943,1
2875,945,1
2876,949,1
2877,951,1
2878,950,1
2879,947,1
2880,946,1
2881,947,1
2882,950,1
2883,952,1
2884,950,1
2885,952,1
2886,949,1
2887,952,1
2888,956,1
2889,960,1
2890,960,1
2891,959,1
2892,960,1
2893,962,1
2894,968,1
2895,972,1
2896,974,1
2897,972,1
2898,971,1
2899,967,1
2900,966,1
2901,966,1
2902,963,1
2903,959,1
2904,956,1
2905,957,1
2906,962,1
2907,961,1
2908,959,1
2909,953,1
2910,947,1
2911,944,1
2912,945,1
2913,947,1
2914,944,1
2915,943,1
2916,942,1
2917,944,1
2918,946,1
2919,946,1
2920,946,1
2921,942,1
2922,945,1
2923,948,1
2924,951,1
2925,953,1
2926,952,1
2927,949,1
2928,952,1
2929,951,1
2930,957,1
2931,957,1
2932,953,1
2933,947,1
2934,944,1
2935,956,1
2936,977,1
2937,1009,1
2938,1041,1
2939,1068,1
2940,1094,1
2941,1103,1
2942,1089,1
2943,1053,1
2944,1005,1
2945,965,1
2946,944,1
2947,938,1
2948,944,1
2949,954,1
2950,957,1
2951,956,1
2952,954,1
2953,955,1
2954,955,1
2955,952,1
2956,953,1
2957,955,1
2958,951,1
2959,954,1
2960,954,1
2961,958,1
2962,957,1
2963,954,1
2964,953,1
2965,952,1
2966,956,1
2967,957,1
2968,957,1
2969,956,1
2970,955,1
2971,955,1
2972,957,1
2973,959,1
2974,958,1
2975,955,1
2976,956,1
2977,960,1
2978,962,1
2979,964,1
2980,963,1
2981,962,1
2982,962,1
2983,964,1
2984,964,1
2985,968,1
2986,966,1
2987,964,1
2988,963,1
2989,963,1
2990,964,1
2991,966,1
2992,967,1
2993,963,1
2994,962,1
2995,965,1
2996,967,1
2997,966,1
2998,965,1
2999,964,1
3000,963,1
3001,965,1
3002,965,1
3003,968,1
3004,969,1
3005,964,1
3006,964,1
3007,965,1
3008,969,1
3009,969,1
3010,968,1
3011,969,1
3012,965,1
3013,965,1
3014,966,1
3015,970,1
3016,968,1
3017,967,1
3018,964,1
3019,967,1
3020,967,1
3021,969,1
3022,968,1
3023,963,1
3024,964,1
3025,961,1
3026,963,1
3027,964,1
3028,962,1
3029,955,1
3030,956,1
3031,956,1
3032,956,1
3033,959,1
3034,959,1
3035,955,1
3036,954,1
3037,954,1
3038,955,1
3039,955,1
3040,958,1
3041,955,1
3042,951,1
3043,955,1
3044,956,1
3045,960,1
3046,959,1
3047,956,1
3048,955,1
3049,953,1
3050,958,1
3051,960,1
3052,960,1
3053,956,1
3054,956,1
3055,955,1
3056,960,1
3057,960,1
3058,960,1
3059,957,1
3060,955,1
3061,956,1
3062,956,1
3063,961,1
3064,960,1
3065,956,1
3066,955,1
3067,957,1
3068,962,1
3069,961,1
3070,961,1
3071,959,1
3072,958,1
3073,959,1
3074,961,1
3075,965,1
3076,962,1
3077,960,1
3078,960,1
3079,961,1
3080,961,1
3081,966,1
3082,963,1
3083,961,1
3084,958,1
3085,961,1
3086,963,1
3087,962,1
3088,969,1
3089,960,1
3090,966,1
3091,965,1
3092,967,1
3093,970,1
3094,965,1
3095,966,1
3096,964,1
3097,967,1
3098,968,1
3099,968,1
3100,969,1
3101,968,1
3102,966,1
3103,967,1
3104,971,1
3105,974,1
3106,974,1
3107,971,1
3108,969,1
3109,970,1
3110,972,1
3111,974,1
3112,972,1
3113,969,1
3114,969,1
3115,968,1
3116,973,1
3117,974,1
3118,973,1
3119,971,1
3120,969,1
3121,971,1
3122,973,1
3123,976,1
3124,976,1
3125,975,1
3126,973,1
3127,975,1
3128,978,1
3129,979,1
3130,982,1
3131,983,1
3132,982,1
3133,984,1
3134,989,1
3135,992,1
3136,995,1
3137,991,1
3138,995,1
3139,996,1
3140,1000,1
3141,1005,1
3142,1012,1
3143,1018,1
3144,1020,1
3145,1019,1
3146,1022,1
3147,1025,1
3148,1023,1
3149,1019,1
3150,1013,1
3151,1010,1
3152,1010,1
3153,1008,1
3154,1008,1
3155,1003,1
3156,1001,1
3157,998,1
3158,992,1
3159,990,1
3160,984,1
3161,977,1
3162,974,1
3163,973,1
3164,974,1
3165,973,1
3166,973,1
3167,974,1
3168,971,1
3169,972,1
3170,976,1
3171,979,1
3172,975,1
3173,977,1
3174,977,1
3175,978,1
3176,982,1
3177,983,1
3178,983,1
3179,983,1
3180,981,1
3181,985,1
3182,987,1
3183,985,1
3184,981,1
3185,976,1
3186,975,1
3187,990,1
3188,1021,1
3189,1058,1
3190,1098,1
3191,1129,1
3192,1148,1
3193,1148,1
3194,1120,1
3195,1074,1
3196,1021,1
3197,985,1
3198,968,1
3199,968,1
3200,975,1
3201,981,1
3202,984,1
3203,985,1
3204,985,1
3205,986,1
3206,987,1
3207,986,1
3208,983,1
3209,978,1
3210,982,1
3211,983,1
3212,984,1
3213,983,1
3214,989,1
3215,987,1
3216,986,1
3217,988,1
3218,990,1
3219,991,1
3220,990,1
3221,990,1
3222,988,1
3223,990,1
3224,991,1
3225,993,1
3226,990,1
3227,990,1
3228,991,1
3229,993,1
3230,994,1
3231,996,1
3232,995,1
3233,993,1
3234,990,1
3235,992,1
3236,995,1
3237,999,1
3238,997,1
3239,994,1
3240,991,1
3241,994,1
3242,998,1
3243,1000,1
3244,1000,1
3245,998,1
3246,998,1
3247,1000,1
3248,1002,1
3249,1003,1
3250,1004,1
3251,1000,1
3252,1000,1
3253,1001,1
3254,1005,1
3255,1007,1
3256,1008,1
3257,1004,1
3258,1004,1
3259,1003,1
3260,1008,1
3261,1010,1
3262,1010,1
3263,1010,1
3264,1007,1
3265,1005,1
3266,1007,1
3267,1013,1
3268,1012,1
3269,1008,1
3270,1008,1
3271,1011,1
3272,1010,1
3273,1011,1
3274,1009,1
3275,1008,1
3276,1007,1
3277,1008,1
3278,1007,1
3279,1009,1
3280,1005,1
3281,1004,1
3282,1001,1
3283,999,1
3284,1002,1
3285,1002,1
3286,1002,1
3287,999,1
3288,999,1
3289,998,1
3290,997,1
3291,999,1
3292,996,1
3293,993,1
3294,991,1
3295,992,1
3296,996,1
3297,995,1
3298,995,1
3299,992,1
3300,990,1
3301,990,1
3302,991,1
3303,994,1
3304,991,1
3305,988,1
3306,988,1
3307,990,1
3308,992,1
3309,994,1
3310,991,1
3311,989,1
3312,989,1
3313,988,1
3314,992,1
3315,993,1
3316,991,1
3317,990,1
3318,989,1
3319,989,1
3320,990,1
3321,992,1
3322,990,1
3323,990,1
3324,986,1
3325,989,1
3326,993,1
3327,993,1
3328,991,1
3329,990,1
3330,987,1
3331,989,1
3332,991,1
3333,992,1
3334,990,1
3335,985,1
3336,985,1
3337,988,1
3338,992,1
3339,991,1
3340,992,1
3341,988,1
3342,989,1
3343,989,1
3344,992,1
3345,996,1
3346,996,1
3347,993,1
3348,992,1
3349,994,1
3350,997,1
3351,996,1
3352,997,1
3353,995,1
3354,993,1
3355,993,1
3356,996,1
3357,999,1
3358,998,1
3359,997,1
3360,994,1
3361,995,1
3362,997,1
3363,997,1
3364,995,1
3365,999,1
3366,994,1
3367,996,1
3368,997,1
3369,999,1
3370,998,1
3371,997,1
3372,996,1
3373,998,1
3374,1001,1
3375,1004,1
3376,1001,1
3377,999,1
3378,998,1
3379,997,1
3380,1001,1
3381,1003,1
3382,1000,1
3383,998,1
3384,996,1
3385,1000,1
3386,1003,1
3387,1005,1
3388,1005,1
3389,1001,1
3390,998,1
3391,998,1
3392,1002,1
3393,1003,1
3394,1004,1
3395,1005,1
3396,1003,1
3397,1004,1
3398,1004,1
3399,1009,1
3400,1006,1
3401,1006,1
3402,1001,1
3403,1004,1
3404,1005,1
3405,1006,1
3406,1005,1
3407,1003,1
3408,1001,1
3409,1003,1
3410,1007,1
3411,1007,1
3412,1005,1
3413,1005,1
3414,1002,1
3415,1005,1
3416,1007,1
3417,1008,1
3418,1007,1
3419,1007,1
3420,1004,1
3421,1006,1
3422,1007,1
3423,1009,1
3424,1008,1
3425,1004,1
3426,1005,1
3427,1006,1
3428,1009,1
3429,1009,1
3430,1010,1
3431,1008,1
3432,1005,1
3433,1006,1
3434,1009,1
3435,1012,1
3436,1009,1
3437,1004,1
3438,1007,1
3439,1008,1
3440,1010,1
3441,1013,1
3442,1010,1
3443,1004,1
3444,1004,1
3445,1007,1
3446,1013,1
3447,1013,1
3448,1013,1
3449,1009,1
3450,1008,1
3451,1006,1
3452,1013,1
3453,1017,1
3454,1014,1
3455,1014,1
3456,1014,1
3457,1016,1
3458,1016,1
3459,1018,1
3460,1018,1
3461,1019,1
3462,1015,1
3463,1018,1
3464,1022,1
3465,1024,1
3466,1023,1
3467,1019,1
3468,1023,1
3469,1024,1
3470,1028,1
3471,1033,1
3472,1032,1
3473,1033,1
3474,1035,1
3475,1037,1
3476,1038,1
3477,1034,1
3478,1034,1
3479,1028,1
3480,1023,1
3481,1024,1
3482,1020,1
3483,1023,1
3484,1023,1
3485,1023,1
3486,1020,1
3487,1019,1
3488,1015,1
3489,1015,1
3490,1013,1
3491,1010,1
3492,1008,1
3493,1008,1
3494,1009,1
3495,1010,1
3496,1008,1
3497,1011,1
3498,1009,1
3499,1010,1
3500,1012,1
3501,1013,1
3502,1010,1
3503,1009,1
3504,1009,1
3505,1013,1
3506,1014,1
3507,1016,1
3508,1016,1
3509,1015,1
3510,1014,1
3511,1016,1
3512,1017,1
3513,1014,1
3514,1010,1
3515,1010,1
3516,1022,1
3517,1047,1
3518,1078,1
3519,1113,1
3520,1145,1
3521,1166,1
3522,1172,1
3523,1158,1
3524,1120,1
3525,1074,1
3526,1032,1
3527,1009,1
3528,1000,1
3529,1001,1
3530,1008,1
3531,1015,1
3532,1017,1
3533,1013,1
3534,1011,1
3535,1010,1
3536,1012,1
3537,1014,1
3538,1010,1
3539,1007,1
3540,1011,1
3541,1012,1
3542,1016,1
3543,1018,1
3544,1018,1
3545,1011,1
3546,1011,1
3547,1011,1
3548,1016,1
3549,1018,1
3550,1019,1
3551,1014,1
3552,1013,1
3553,1015,1
3554,1014,1
3555,1015,1
3556,1018,1
3557,1017,1
3558,1014,1
3559,1017,1
3560,1019,1
3561,1023,1
3562,1023,1
3563,1021,1
3564,1017,1
3565,1020,1
3566,1020,1
3567,1021,1
3568,1018,1
3569,1014,1
3570,1014,1
3571,1015,1
3572,1019,1
3573,1019,1
3574,1019,1
3575,1016,1
3576,1016,1
3577,1018,1
3578,1021,1
3579,1022,1
3580,1021,1
3581,1017,1
3582,1017,1
3583,1021,1
3584,1023,1
3585,1025,1
3586,1020,1
3587,1018,1
3588,1017,1
3589,1020,1
3590,1021,1
3591,1023,1
3592,1022,1
3593,1021,1
3594,1019,1
3595,1020,1
3596,1020,1
3597,1025,1
3598,1025,1
3599,1024,1
3600,1021,1
3601,1023,1
3602,1025,1
3603,1025,1
3604,1023,1
3605,1020,1
3606,1018,1
3607,1019,1
3608,1021,1
3609,1022,1
3610,1022,1
3611,1019,1
3612,1016,1
3613,1017,1
3614,1013,1
3615,1018,1
3616,1014,1
3617,1010,1
3618,1008,1
3619,1008,1
3620,1012,1
3621,1014,1
3622,1011,1
3623,1005,1
3624,1005,1
3625,1007,1
3626,1010,1
3627,1012,1
3628,1008,1
3629,1002,1
3630,1001,1
3631,1003,1
3632,1008,1
3633,1005,1
3634,1006,1
3635,1003,1
3636,999,1
3637,1000,1
3638,1005,1
3639,1006,1
3640,1003,1
3641,1003,1
3642,1002,1
3643,1002,1
3644,1002,1
3645,1004,1
3646,1003,1
3647,1001,1
3648,999,1
3649,1002,1
3650,1005,1
3651,1005,1
3652,1007,1
3653,1002,1
3654,1000,1
3655,1001,1
3656,1003,1
3657,1004,1
3658,1002,1
3659,1000,1
3660,999,1
3661,1003,1
3662,1004,1
3663,1007,1
3664,1006,1
3665,1001,1
3666,998,1
3667,999,1
3668,1004,1
3669,1006,1
3670,1007,1
3671,1005,1
3672,1005,1
3673,1006,1
3674,1006,1
3675,1006,1
3676,1005,1
3677,1002,1
3678,1000,1
3679,1001,1
3680,1006,1
3681,1010,1
3682,1009,1
3683,1005,1
3684,1006,1
3685,1008,1
3686,1009,1
3687,1012,1
3688,1012,1
3689,1009,1
3690,1004,1
3691,1007,1
3692,1009,1
3693,1010,1
3694,1012,1
3695,1008,1
3696,1010,1
3697,1012,1
3698,1012,1
3699,1015,1
3700,1013,1
3701,1010,1
3702,1009,1
3703,1013,1
3704,1013,1
3705,1013,1
3706,1012,1
3707,1011,1
3708,1008,1
3709,1008,1
3710,1012,1
3711,1012,1
3712,1011,1
3713,1010,1
3714,1009,1
3715,1012,1
3716,1015,1
3717,1016,1
3718,1018,1
3719,1015,1
3720,1008,1
3721,1009,1
3722,1012,1
3723,1013,1
3724,1009,1
3725,1008,1
3726,1008,1
3727,1009,1
3728,1013,1
3729,1013,1
3730,1012,1
3731,1010,1
3732,1010,1
3733,1016,1
3734,1017,1
3735,1017,1
3736,1015,1
3737,1013,1
3738,1010,1
3739,1011,1
3740,1016,1
3741,1018,1
3742,1015,1
3743,1013,1
3744,1013,1
3745,1014,1
3746,1015,1
3747,1017,1
3748,1017,1
3749,1015,1
3750,1014,1
3751,1014,1
3752,1014,1
3753,1014,1
3754,1017,1
3755,1016,1
3756,1014,1
3757,1012,1
3758,1016,1
3759,1019,1
3760,1017,1
3761,1016,1
3762,1015,1
3763,1017,1
3764,1021,1
3765,1023,1
3766,1021,1
3767,1018,1
3768,1016,1
3769,1020,1
3770,1025,1
3771,1029,1
3772,1028,1
3773,1026,1
3774,1024,1
3775,1031,1
3776,1034,1
3777,1039,1
3778,1040,1
3779,1043,1
3780,1044,1
3781,1054,1
3782,1059,1
3783,1060,1
3784,1066,1
3785,1065,1
3786,1061,1
3787,1064,1
3788,1063,1
3789,1065,1
3790,1057,1
3791,1050,1
3792,1045,1
3793,1045,1
3794,1043,1
3795,1040,1
3796,1033,1
3797,1025,1
3798,1024,1
3799,1018,1
3800,1018,1
3801,1016,1
3802,1015,1
3803,1011,1
3804,1009,1
3805,1006,1
3806,1011,1
3807,1011,1
3808,1008,1
3809,1005,1
3810,1005,1
3811,1007,1
3812,1009,1
3813,1009,1
3814,1009,1
3815,1007,1
3816,1007,1
3817,1009,1
3818,1011,1
3819,1012,1
3820,1012,1
3821,1011,1
3822,1010,1
3823,1008,1
3824,1003,1
3825,996,1
3826,989,1
3827,986,1
3828,1000,1
3829,1028,1
3830,1061,1
3831,1094,1
3832,1117,1
3833,1125,1
3834,1103,1
3835,1066,1
3836,1027,1
3837,1001,1
3838,986,1
3839,978,1
3840,986,1
3841,1003,1
3842,1016,1
3843,1021,1
3844,1021,1
3845,1018,1
3846,1013,1
3847,1016,1
3848,1010,1
3849,1018,1
3850,1016,1
3851,1011,1
3852,1014,1
3853,1016,1
3854,1016,1
3855,1018,1
3856,1017,1
3857,1015,1
3858,1013,1
3859,1018,1
3860,1019,1
3861,1023,1
3862,1023,1
3863,1021,1
3864,1017,1
3865,1019,1
3866,1020,1
3867,1021,1
3868,1023,1
3869,1021,1
3870,1020,1
3871,1022,1
3872,1024,1
3873,1023,1
3874,1024,1
3875,1022,1
3876,1022,1
3877,1022,1
3878,1023,1
3879,1026,1
3880,1024,1
3881,1022,1
3882,1023,1
3883,1025,1
3884,1027,1
3885,1028,1
3886,1024,1
3887,1024,1
3888,1023,1
3889,1022,1
3890,1026,1
3891,1027,1
3892,1026,1
3893,1022,1
3894,1020,1
3895,1023,1
3896,1025,1
3897,1025,1
3898,1023,1
3899,1022,1
3900,1021,1
3901,1022,1
3902,1023,1
3903,1024,1
3904,1022,1
3905,1021,1
3906,1020,1
3907,1021,1
3908,1023,1
3909,1025,1
3910,1024,1
3911,1021,1
3912,1019,1
3913,1017,1
3914,1021,1
3915,1023,1
3916,1022,1
3917,1017,1
3918,1013,1
3919,1017,1
3920,1018,1
3921,1020,1
3922,1017,1
3923,1013,1
3924,1010,1
3925,1011,1
3926,1010,1
3927,1012,1
3928,1013,1
3929,1007,1
3930,1003,1
3931,1002,1
3932,1006,1
3933,1006,1
3934,1007,1
3935,1004,1
3936,1003,1
3937,1005,1
3938,1006,1
3939,1008,1
3940,1006,1
3941,1004,1
3942,1001,1
3943,1000,1
3944,1006,1
3945,1007,1
3946,1005,1
3947,1002,1
3948,1002,1
3949,1004,1
3950,1000,1
3951,1006,1
3952,1005,1
3953,1001,1
3954,1001,1
3955,1004,1
3956,1007,1
3957,1008,1
3958,1006,1
3959,1003,1
3960,1004,1
3961,1005,1
3962,1008,1
3963,1010,1
3964,1008,1
3965,1005,1
3966,1005,1
3967,1006,1
3968,1007,1
3969,1007,1
3970,1008,1
3971,1007,1
3972,1006,1
3973,1008,1
3974,1008,1
3975,1013,1
3976,1013,1
3977,1011,1
3978,1007,1
3979,1011,1
3980,1013,1
3981,1015,1
3982,1014,1
3983,1014,1
3984,1011,1
3985,1016,1
3986,1016,1
3987,1020,1
3988,1019,1
3989,1018,1
3990,1015,1
3991,1018,1
3992,1019,1
3993,1021,1
3994,1019,1
3995,1018,1
3996,1013,1
3997,1013,1
3998,1019,1
3999,1018,1
4000,1019,1
4001,1019,1
4002,1016,1
4003,1020,1
4004,1022,1
4005,1024,1
4006,1023,1
4007,1019,1
4008,1018,1
4009,1022,1
4010,1023,1
4011,1024,1
4012,1022,1
4013,1022,1
4014,1020,1
4015,1023,1
4016,1025,1
4017,1024,1
4018,1025,1
4019,1021,1
4020,1022,1
4021,1022,1
4022,1023,1
4023,1027,1
4024,1026,1
4025,1021,1
4026,1020,1
4027,1023,1
4028,1026,1
4029,1027,1
4030,1023,1
4031,1020,1
4032,1021,1
4033,1021,1
4034,1022,1
4035,1023,1
4036,1024,1
4037,1023,1
4038,1017,1
4039,1023,1
4040,1027,1
4041,1026,1
4042,1026,1
4043,1023,1
4044,1023,1
4045,1025,1
4046,1026,1
4047,1027,1
4048,1026,1
4049,1022,1
4050,1024,1
4051,1030,1
4052,1034,1
4053,1039,1
4054,1039,1
4055,1036,1
4056,1034,1
4057,1040,1
4058,1043,1
4059,1050,1
4060,1050,1
4061,1053,1
4062,1060,1
4063,1066,1
4064,1072,1
4065,1076,1
4066,1075,1
4067,1074,1
4068,1070,1
4069,1069,1
4070,1066,1
4071,1063,1
4072,1060,1
4073,1055,1
4074,1051,1
4075,1049,1
4076,1045,1
4077,1042,1
4078,1036,1
4079,1029,1
4080,1025,1
4081,1023,1
4082,1023,1
4083,1020,1
4084,1018,1
4085,1016,1
4086,1011,1
4087,1016,1
4088,1021,1
4089,1022,1
4090,1021,1
4091,1017,1
4092,1014,1
4093,1017,1
4094,1023,1
4095,1024,1
4096,1023,1
4097,1022,1
4098,1021,1
4099,1022,1
4100,1022,1
4101,1019,1
4102,1017,1
4103,1015,1
4104,1021,1
4105,1044,1
4106,1077,1
4107,1112,1
4108,1145,1
4109,1169,1
4110,1180,1
4111,1174,1
4112,1142,1
4113,1090,1
4114,1041,1
4115,1014,1
4116,1009,1
4117,1015,1
4118,1024,1
4119,1027,1
4120,1026,1
4121,1019,1
4122,1017,1
4123,1018,1
4124,1021,1
4125,1023,1
4126,1022,1
4127,1018,1
4128,1018,1
4129,1020,1
4130,1021,1
4131,1022,1
4132,1022,1
4133,1019,1
4134,1018,1
4135,1017,1
4136,1020,1
4137,1025,1
4138,1022,1
4139,1020,1
4140,1018,1
4141,1022,1
4142,1023,1
4143,1027,1
4144,1022,1
4145,1023,1
4146,1022,1
4147,1024,1
4148,1026,1
4149,1027,1
4150,1021,1
4151,1023,1
4152,1021,1
4153,1024,1
4154,1028,1
4155,1031,1
4156,1028,1
4157,1026,1
4158,1026,1
4159,1027,1
4160,1030,1
4161,1029,1
4162,1031,1
4163,1028,1
4164,1027,1
4165,1029,1
4166,1033,1
4167,1034,1
4168,1034,1
4169,1031,1
4170,1029,1
4171,1030,1
4172,1031,1
4173,1035,1
4174,1034,1
4175,1031,1
4176,1032,1
4177,1032,1
4178,1035,1
4179,1036,1
4180,1033,1
4181,1032,1
4182,1032,1
4183,1030,1
4184,1035,1
4185,1034,1
4186,1029,1
4187,1029,1
4188,1030,1
4189,1029,1
4190,1033,1
4191,1034,1
4192,1029,1
4193,1028,1
4194,1027,1
4195,1026,1
4196,1026,1
4197,1026,1
4198,1022,1
4199,1020,1
4200,1017,1
4201,1018,1
4202,1019,1
4203,1022,1
4204,1020,1
4205,1016,1
4206,1016,1
4207,1017,1
4208,1017,1
4209,1018,1
4210,1018,1
4211,1014,1
4212,1010,1
4213,1010,1
4214,1012,1
4215,1013,1
4216,1013,1
4217,1009,1
4218,1006,1
4219,1008,1
4220,1008,1
4221,1010,1
4222,1011,1
4223,1006,1
4224,1006,1
4225,1006,1
4226,1008,1
4227,1012,1
4228,1009,1
4229,1008,1
4230,1004,1
4231,1004,1
4232,1008,1
4233,1010,1
4234,1007,1
4235,1007,1
4236,1006,1
4237,1006,1
4238,1008,1
4239,1011,1
4240,1010,1
4241,1007,1
4242,1007,1
4243,1003,1
4244,1008,1
4245,1011,1
4246,1011,1
4247,1008,1
4248,1007,1
4249,1010,1
4250,1011,1
4251,1014,1
4252,1010,1
4253,1008,1
4254,1007,1
4255,1009,1
4256,1011,1
4257,1014,1
4258,1011,1
4259,1008,1
4260,1009,1
4261,1010,1
4262,1010,1
4263,1013,1
4264,1016,1
4265,1010,1
4266,1007,1
4267,1007,1
4268,1011,1
4269,1014,1
4270,1010,1
4271,1013,1
4272,1011,1
4273,1011,1
4274,1014,1
4275,1012,1
4276,1013,1
4277,1011,1
4278,1012,1
4279,1011,1
4280,1015,1
4281,1018,1
4282,1017,1
4283,1011,1
4284,1011,1
4285,1013,1
4286,1016,1
4287,1015,1
4288,1014,1
4289,1012,1
4290,1009,1
4291,1013,1
4292,1015,1
4293,1019,1
4294,1015,1
4295,1011,1
4296,1011,1
4297,1014,1
4298,1016,1
4299,1018,1
4300,1017,1
4301,1012,1
4302,1011,1
4303,1012,1
4304,1016,1
4305,1018,1
4306,1014,1
4307,1013,1
4308,1011,1
4309,1013,1
4310,1016,1
4311,1019,1
4312,1016,1
4313,1015,1
4314,1012,1
4315,1012,1
4316,1014,1
4317,1018,1
4318,1012,1
4319,1014,1
4320,1012,1
4321,1015,1
4322,1016,1
4323,1018,1
4324,1015,1
4325,1012,1
4326,1012,1
4327,1015,1
4328,1017,1
4329,1017,1
4330,1016,1
4331,1014,1
4332,1013,1
4333,1015,1
4334,1018,1
4335,1015,1
4336,1016,1
4337,1014,1
4338,1010,1
4339,1013,1
4340,1015,1
4341,1019,1
4342,1018,1
4343,1014,1
4344,1014,1
4345,1013,1
4346,1018,1
4347,1022,1
4348,1024,1
4349,1023,1
4350,1022,1
4351,1026,1
4352,1028,1
4353,1032,1
4354,1034,1
4355,1033,1
4356,1036,1
4357,1043,1
4358,1052,1
4359,1054,1
4360,1053,1
4361,1054,1
4362,1051,1
4363,1053,1
4364,1053,1
4365,1051,1
4366,1046,1
4367,1041,1
4368,1035,1
4369,1039,1
4370,1038,1
4371,1039,1
4372,1036,1
4373,1028,1
4374,1024,1
4375,1014,1
4376,1016,1
4377,1016,1
4378,1011,1
4379,1006,1
4380,1003,1
4381,1005,1
4382,1007,1
4383,1008,1
4384,1006,1
4385,1004,1
4386,1004,1
4387,1004,1
4388,1008,1
4389,1011,1
4390,1007,1
4391,1007,1
4392,1008,1
4393,1011,1
4394,1014,1
4395,1014,1
4396,1012,1
4397,1009,1
4398,1004,1
4399,1005,1
4400,1015,1
4401,1036,1
4402,1060,1
4403,1084,1
4404,1116,1
4405,1142,1
4406,1154,1
4407,1140,1
4408,1097,1
4409,1054,1
4410,1023,1
4411,1007,1
4412,1003,1
4413,1006,1
4414,1007,1
4415,1005,1
4416,1001,1
4417,1001,1
4418,1003,1
4419,1006,1
4420,1005,1
4421,1001,1
4422,1003,1
4423,1003,1
4424,1003,1
4425,1006,1
4426,1006,1
4427,1001,1
4428,1001,1
4429,1004,1
4430,1007,1
4431,1008,1
4432,1008,1
4433,1004,1
4434,1004,1
4435,1007,1
4436,1006,1
4437,1007,1
4438,1006,1
4439,1004,1
4440,1003,1
4441,1002,1
4442,1006,1
4443,1010,1
4444,1005,1
4445,1008,1
4446,1005,1
4447,1009,1
4448,1011,1
4449,1012,1
4450,1013,1
4451,1009,1
4452,1008,1
4453,1009,1
4454,1013,1
4455,1013,1
4456,1014,1
4457,1012,1
4458,1012,1
4459,1012,1
4460,1010,1
4461,1014,1
4462,1014,1
4463,1013,1
4464,1010,1
4465,1014,1
4466,1017,1
4467,1020,1
4468,1018,1
4469,1013,1
4470,1014,1
4471,1016,1
4472,1017,1
4473,1019,1
4474,1017,1
4475,1014,1
4476,1014,1
4477,1016,1
4478,1017,1
4479,1018,1
4480,1018,1
4481,1017,1
4482,1015,1
4483,1016,1
4484,1015,1
4485,1018,1
4486,1016,1
4487,1014,1
4488,1014,1
4489,1014,1
4490,1016,1
4491,1014,1
4492,1009,1
4493,1007,1
4494,1003,1
4495,1005,1
4496,1005,1
4497,1006,1
4498,1001,1
4499,1000,1
4500,999,1
4501,1001,1
4502,1001,1
4503,1003,1
4504,1001,1
4505,998,1
4506,997,1
4507,998,1
4508,1000,1
4509,1001,1
4510,997,1
4511,994,1
4512,993,1
4513,994,1
4514,989,1
4515,995,1
4516,993,1
4517,991,1
4518,990,1
4519,991,1
4520,991,1
4521,994,1
4522,994,1
4523,992,1
4524,988,1
4525,988,1
4526,991,1
4527,994,1
4528,994,1
4529,990,1
4530,987,1
4531,989,1
4532,993,1
4533,993,1
4534,993,1
4535,990,1
4536,987,1
4537,986,1
4538,988,1
4539,990,1
4540,992,1
4541,990,1
4542,990,1
4543,990,1
4544,994,1
4545,995,1
4546,994,1
4547,992,1
4548,991,1
4549,993,1
4550,996,1
4551,995,1
4552,995,1
4553,991,1
4554,993,1
4555,991,1
4556,997,1
4557,996,1
4558,997,1
4559,993,1
4560,991,1
4561,992,1
4562,996,1
4563,995,1
4564,997,1
4565,992,1
4566,994,1
4567,992,1
4568,995,1
4569,995,1
4570,992,1
4571,992,1
4572,991,1
4573,993,1
4574,993,1
4575,997,1
4576,997,1
4577,996,1
4578,992,1
4579,998,1
4580,1000,1
4581,999,1
4582,996,1
4583,994,1
4584,995,1
4585,998,1
4586,998,1
4587,1000,1
4588,996,1
4589,994,1
4590,995,1
4591,995,1
4592,998,1
4593,998,1
4594,997,1
4595,996,1
4596,994,1
4597,999,1
4598,998,1
4599,997,1
4600,999,1
4601,994,1
4602,992,1
4603,996,1
4604,1000,1
4605,1000,1
4606,998,1
4607,995,1
4608,994,1
4609,993,1
4610,995,1
4611,996,1
4612,998,1
4613,994,1
4614,993,1
4615,993,1
4616,999,1
4617,1000,1
4618,1001,1
4619,999,1
4620,998,1
4621,996,1
4622,999,1
4623,1000,1
4624,999,1
4625,998,1
4626,996,1
4627,998,1
4628,1002,1
4629,1005,1
4630,1002,1
4631,1003,1
4632,1000,1
4633,1001,1
4634,1005,1
4635,1011,1
4636,1011,1
4637,1013,1
4638,1013,1
4639,1017,1
4640,1023,1
4641,1027,1
4642,1028,1
4643,1030,1
4644,1033,1
4645,1036,1
4646,1041,1
4647,1043,1
4648,1040,1
4649,1038,1
4650,1036,1
4651,1034,1
4652,1033,1
4653,1031,1
4654,1029,1
4655,1021,1
4656,1017,1
4657,1011,1
4658,1008,1
4659,1006,1
4660,998,1
4661,995,1
4662,991,1
4663,990,1
4664,990,1
4665,993,1
4666,992,1
4667,989,1
4668,987,1
4669,988,1
4670,992,1
4671,991,1
4672,991,1
4673,984,1
4674,988,1
4675,986,1
4676,988,1
4677,992,1
4678,992,1
4679,989,1
4680,991,1
4681,992,1
4682,993,1
4683,987,1
4684,981,1
4685,976,1
4686,983,1
4687,999,1
4688,1023,1
4689,1050,1
4690,1074,1
4691,1087,1
4692,1083,1
4693,1062,1
4694,1028,1
4695,993,1
4696,976,1
4697,969,1
4698,972,1
4699,985,1
4700,995,1
4701,995,1
4702,993,1
4703,993,1
4704,988,1
4705,992,1
4706,996,1
4707,996,1
4708,995,1
4709,988,1
4710,985,1
4711,988,1
4712,993,1
4713,994,1
4714,994,1
4715,994,1
4716,993,1
4717,996,1
4718,997,1
4719,999,1
4720,998,1
4721,996,1
4722,995,1
4723,989,1
4724,995,1
4725,996,1
4726,993,1
4727,989,1
4728,993,1
4729,995,1
4730,1000,1
4731,1001,1
4732,999,1
4733,995,1
4734,993,1
4735,996,1
4736,999,1
4737,1001,1
4738,998,1
4739,998,1
4740,994,1
4741,997,1
4742,1000,1
4743,1003,1
4744,1001,1
4745,1000,1
4746,999,1
4747,1000,1
4748,999,1
4749,998,1
4750,1000,1
4751,996,1
4752,994,1
4753,995,1
4754,998,1
4755,998,1
4756,996,1
4757,993,1
4758,994,1
4759,997,1
4760,1000,1
4761,999,1
4762,1000,1
4763,991,1
4764,990,1
4765,993,1
4766,995,1
4767,997,1
4768,996,1
4769,992,1
4770,988,1
4771,990,1
4772,990,1
4773,990,1
4774,985,1
4775,983,1
4776,979,1
4777,981,1
4778,985,1
4779,983,1
4780,980,1
4781,980,1
4782,977,1
4783,978,1
4784,978,1
4785,980,1
4786,980,1
4787,976,1
4788,976,1
4789,978,1
4790,979,1
4791,980,1
4792,976,1
4793,975,1
4794,975,1
4795,977,1
4796,977,1
4797,980,1
4798,978,1
4799,975,1
4800,974,1
4801,974,1
4802,979,1
4803,981,1
4804,980,1
4805,978,1
4806,975,1
4807,977,1
4808,980,1
4809,980,1
4810,981,1
4811,981,1
4812,979,1
4813,979,1
4814,980,1
4815,984,1
4816,980,1
4817,978,1
4818,977,1
4819,979,1
4820,980,1
4821,987,1
4822,984,1
4823,984,1
4824,982,1
4825,984,1
4826,986,1
4827,987,1
4828,989,1
4829,984,1
4830,983,1
4831,984,1
4832,986,1
4833,989,1
4834,989,1
4835,984,1
4836,982,1
4837,986,1
4838,990,1
4839,992,1
4840,991,1
4841,989,1
4842,990,1
4843,989,1
4844,993,1
4845,994,1
4846,992,1
4847,989,1
4848,991,1
4849,993,1
4850,996,1
4851,996,1
4852,996,1
4853,994,1
4854,994,1
4855,994,1
4856,996,1
4857,998,1
4858,997,1
4859,995,1
4860,996,1
4861,997,1
4862,997,1
4863,997,1
4864,997,1
4865,998,1
4866,996,1
4867,999,1
4868,998,1
4869,1003,1
4870,997,1
4871,1000,1
4872,998,1
4873,998,1
4874,1002,1
4875,1004,1
4876,1002,1
4877,1000,1
4878,1001,1
4879,1001,1
4880,1003,1
4881,1002,1
4882,1003,1
4883,1003,1
4884,1004,1
4885,1002,1
4886,1008,1
4887,1007,1
4888,1005,1
4889,1005,1
4890,1003,1
4891,1005,1
4892,1006,1
4893,1010,1
4894,1008,1
4895,1006,1
4896,1003,1
4897,1005,1
4898,1006,1
4899,1007,1
4900,1009,1
4901,1006,1
4902,1003,1
4903,1007,1
4904,1007,1
4905,1009,1
4906,1009,1
4907,1006,1
4908,1006,1
4909,1007,1
4910,1010,1
4911,1013,1
4912,1011,1
4913,1010,1
4914,1010,1
4915,1014,1
4916,1018,1
4917,1020,1
4918,1021,1
4919,1022,1
4920,1023,1
4921,1026,1
4922,1030,1
4923,1035,1
4924,1037,1
4925,1037,1
4926,1042,1
4927,1047,1
4928,1054,1
4929,1060,1
4930,1060,1
4931,1059,1
4932,1058,1
4933,1057,1
4934,1059,1
4935,1060,1
4936,1056,1
4937,1047,1
4938,1041,1
4939,1042,1
4940,1041,1
4941,1038,1
4942,1033,1
4943,1025,1
4944,1018,1
4945,1019,1
4946,1018,1
4947,1016,1
4948,1015,1
4949,1010,1
4950,1008,1
4951,1008,1
4952,1014,1
4953,1013,1
4954,1012,1
4955,1007,1
4956,1010,1
4957,1011,1
4958,1015,1
4959,1015,1
4960,1016,1
4961,1017,1
4962,1013,1
4963,1016,1
4964,1019,1
4965,1018,1
4966,1018,1
4967,1013,1
4968,1011,1
4969,1013,1
4970,1019,1
4971,1036,1
4972,1060,1
4973,1089,1
4974,1117,1
4975,1151,1
4976,1167,1
4977,1165,1
4978,1132,1
4979,1084,1
4980,1044,1
4981,1023,1
4982,1019,1
4983,1024,1
4984,1023,1
4985,1020,1
4986,1018,1
4987,1019,1
4988,1019,1
4989,1020,1
4990,1020,1
4991,1018,1
4992,1016,1
4993,1016,1
4994,1019,1
4995,1019,1
4996,1015,1
4997,1012,1
4998,1011,1
4999,1017,1
5000,1019,1
5001,1019,1
5002,1017,1
5003,1015,1
5004,1013,1
5005,1017,1
5006,1022,1
5007,1021,1
5008,1022,1
5009,1016,1
5010,1011,1
5011,1017,1
5012,1020,1
5013,1023,1
5014,1020,1
5015,1021,1
5016,1020,1
5017,1020,1
5018,1023,1
5019,1021,1
5020,1021,1
5021,1020,1
5022,1021,1
5023,1019,1
5024,1024,1
5025,1023,1
5026,1022,1
5027,1019,1
5028,1019,1
5029,1020,1
5030,1022,1
5031,1025,1
5032,1024,1
5033,1020,1
5034,1021,1
5035,1023,1
5036,1026,1
5037,1027,1
5038,1026,1
5039,1021,1
5040,1022,1
5041,1023,1
5042,1025,1
5043,1027,1
5044,1025,1
5045,1025,1
5046,1020,1
5047,1025,1
5048,1027,1
5049,1028,1
5050,1027,1
5051,1024,1
5052,1023,1
5053,1024,1
5054,1027,1
5055,1027,1
5056,1026,1
5057,1021,1
5058,1020,1
5059,1023,1
5060,1023,1
5061,1024,1
5062,1022,1
5063,1020,1
5064,1019,1
5065,1017,1
5066,1019,1
5067,1017,1
5068,1019,1
5069,1015,1
5070,1013,1
5071,1014,1
5072,1016,1
5073,1015,1
5074,1011,1
5075,1010,1
5076,1011,1
5077,1013,1
5078,1016,1
5079,1016,1
5080,1011,1
5081,1010,1
5082,1011,1
5083,1011,1
5084,1014,1
5085,1013,1
5086,1011,1
5087,1011,1
5088,1007,1
5089,1010,1
5090,1012,1
5091,1013,1
5092,1011,1
5093,1009,1
5094,1012,1
5095,1008,1
5096,1011,1
5097,1014,1
5098,1011,1
5099,1008,1
5100,1008,1
5101,1008,1
5102,1011,1
5103,1013,1
5104,1012,1
5105,1012,1
5106,1006,1
5107,1009,1
5108,1014,1
5109,1015,1
5110,1013,1
5111,1014,1
5112,1011,1
5113,1012,1
5114,1016,1
5115,1016,1
5116,1016,1
5117,1012,1
5118,1012,1
5119,1013,1
5120,1014,1
5121,1016,1
5122,1016,1
5123,1013,1
5124,1012,1
5125,1015,1
5126,1016,1
5127,1018,1
5128,1019,1
5129,1014,1
5130,1012,1
5131,1015,1
5132,1018,1
5133,1021,1
5134,1017,1
5135,1017,1
5136,1014,1
5137,1016,1
5138,1020,1
5139,1023,1
5140,1019,1
5141,1018,1
5142,1019,1
5143,1019,1
5144,1023,1
5145,1023,1
5146,1022,1
5147,1019,1
5148,1019,1
5149,1022,1
5150,1024,1
5151,1023,1
5152,1024,1
5153,1020,1
5154,1020,1
5155,1022,1
5156,1023,1
5157,1025,1
5158,1026,1
5159,1022,1
5160,1018,1
5161,1022,1
5162,1026,1
5163,1027,1
5164,1023,1
5165,1022,1
5166,1023,1
5167,1025,1
5168,1026,1
5169,1027,1
5170,1029,1
5171,1026,1
5172,1025,1
5173,1026,1
5174,1028,1
5175,1028,1
5176,1029,1
5177,1027,1
5178,1027,1
5179,1031,1
5180,1034,1
5181,1037,1
5182,1039,1
5183,1037,1
5184,1037,1
5185,1042,1
5186,1046,1
5187,1051,1
5188,1055,1
5189,1055,1
5190,1062,1
5191,1071,1
5192,1077,1
5193,1080,1
5194,1077,1
5195,1074,1
5196,1072,1
5197,1069,1
5198,1065,1
5199,1064,1
5200,1061,1
5201,1052,1
5202,1045,1
5203,1041,1
5204,1037,1
5205,1032,1
5206,1027,1
5207,1023,1
5208,1020,1
5209,1019,1
5210,1020,1
5211,1020,1
5212,1020,1
5213,1018,1
5214,1016,1
5215,1018,1
5216,1021,1
5217,1022,1
5218,1018,1
5219,1021,1
5220,1019,1
5221,1020,1
5222,1024,1
5223,1026,1
5224,1025,1
5225,1021,1
5226,1022,1
5227,1019,1
5228,1020,1
5229,1021,1
5230,1018,1
5231,1027,1
5232,1050,1
5233,1089,1
5234,1123,1
5235,1155,1
5236,1167,1
5237,1161,1
5238,1132,1
5239,1090,1
5240,1052,1
5241,1028,1
5242,1014,1
5243,1014,1
5244,1015,1
5245,1021,1
5246,1023,1
5247,1025,1
5248,1025,1
5249,1022,1
5250,1021,1
5251,1023,1
5252,1024,1
5253,1025,1
5254,1021,1
5255,1023,1
5256,1020,1
5257,1022,1
5258,1025,1
5259,1026,1
5260,1026,1
5261,1022,1
5262,1021,1
5263,1022,1
5264,1026,1
5265,1028,1
5266,1027,1
5267,1025,1
5268,1025,1
5269,1025,1
5270,1029,1
5271,1028,1
5272,1029,1
5273,1027,1
5274,1024,1
5275,1024,1
5276,1028,1
5277,1030,1
5278,1029,1
5279,1025,1
5280,1023,1
5281,1025,1
5282,1030,1
5283,1031,1
5284,1029,1
5285,1027,1
5286,1027,1
5287,1029,1
5288,1027,1
5289,1032,1
5290,1030,1
5291,1027,1
5292,1026,1
5293,1025,1
5294,1026,1
5295,1032,1
5296,1031,1
5297,1030,1
5298,1029,1
5299,1029,1
5300,1029,1
5301,1031,1
5302,1033,1
5303,1029,1
5304,1027,1
5305,1031,1
5306,1032,1
5307,1033,1
5308,1029,1
5309,1027,1
5310,1027,1
5311,1028,1
5312,1032,1
5313,1029,1
5314,1033,1
5315,1030,1
5316,1029,1
5317,1028,1
5318,1030,1
5319,1031,1
5320,1029,1
5321,1027,1
5322,1023,1
5323,1026,1
5324,1028,1
5325,1029,1
5326,1029,1
5327,1025,1
5328,1022,1
5329,1022,1
5330,1022,1
5331,1024,1
5332,1018,1
5333,1017,1
5334,1014,1
5335,1017,1
5336,1016,1
5337,1019,1
5338,1016,1
5339,1011,1
5340,1009,1
5341,1010,1
5342,1013,1
5343,1011,1
5344,1010,1
5345,1007,1
5346,1006,1
5347,1006,1
5348,1009,1
5349,1007,1
5350,1007,1
5351,1004,1
5352,1004,1
5353,1003,1
5354,1008,1
5355,1004,1
5356,1005,1
5357,1005,1
5358,1003,1
5359,1001,1
5360,1003,1
5361,1004,1
5362,1003,1
5363,1000,1
5364,1000,1
5365,1002,1
5366,1007,1
5367,1007,1
5368,1005,1
5369,1004,1
5370,998,1
5371,1002,1
5372,1003,1
5373,1004,1
5374,1003,1
5375,1000,1
5376,1000,1
5377,1004,1
5378,1007,1
5379,1007,1
5380,1004,1
5381,1001,1
5382,1002,1
5383,1001,1
5384,1005,1
5385,1006,1
5386,1003,1
5387,1001,1
5388,1000,1
5389,1001,1
5390,1005,1
5391,1006,1
5392,1002,1
5393,997,1
5394,1001,1
5395,1003,1
5396,1004,1
5397,1008,1
5398,1006,1
5399,1005,1
5400,1002,1
5401,1003,1
5402,1005,1
5403,1008,1
5404,1007,1
5405,1005,1
5406,1005,1
5407,1006,1
5408,1007,1
5409,1008,1
5410,1011,1
5411,1009,1
5412,1004,1
5413,1010,1
5414,1012,1
5415,1013,1
5416,1011,1
5417,1007,1
5418,1008,1
5419,1006,1
5420,1008,1
5421,1010,1
5422,1008,1
5423,1005,1
5424,1006,1
5425,1006,1
5426,1010,1
5427,1012,1
5428,1010,1
5429,1008,1
5430,1007,1
5431,1010,1
5432,1012,1
5433,1014,1
5434,1014,1
5435,1009,1
5436,1006,1
5437,1009,1
5438,1013,1
5439,1013,1
5440,1010,1
5441,1008,1
5442,1006,1
5443,1008,1
5444,1009,1
5445,1013,1
5446,1010,1
5447,1011,1
5448,1008,1
5449,1010,1
5450,1014,1
5451,1013,1
5452,1011,1
5453,1007,1
5454,1009,1
5455,1009,1
5456,1014,1
5457,1012,1
5458,1010,1
5459,1005,1
5460,1006,1
5461,1009,1
5462,1012,1
5463,1015,1
5464,1011,1
5465,1009,1
5466,1007,1
5467,1007,1
5468,1008,1
5469,1010,1
5470,1008,1
5471,1008,1
5472,1007,1
5473,1007,1
5474,1012,1
5475,1014,1
5476,1013,1
5477,1011,1
5478,1008,1
5479,1008,1
5480,1013,1
5481,1015,1
5482,1010,1
5483,1010,1
5484,1005,1
5485,1008,1
5486,1010,1
5487,1011,1
5488,1011,1
5489,1006,1
5490,1008,1
5491,1011,1
5492,1013,1
5493,1013,1
5494,1013,1
5495,1009,1
5496,1008,1
5497,1008,1
5498,1010,1
5499,1018,1
5500,1015,1
5501,1012,1
5502,1010,1
5503,1011,1
5504,1015,1
5505,1015,1
5506,1014,1
5507,1012,1
5508,1011,1
5509,1011,1
5510,1012,1
5511,1016,1
5512,1015,1
5513,1013,1
5514,1012,1
5515,1016,1
5516,1018,1
5517,1019,1
5518,1021,1
5519,1022,1
5520,1019,1
5521,1023,1
5522,1027,1
5523,1029,1
5524,1030,1
5525,1030,1
5526,1028,1
5527,1029,1
5528,1027,1
5529,1026,1
5530,1025,1
5531,1018,1
5532,1013,1
5533,1016,1
5534,1020,1
5535,1019,1
5536,1020,1
5537,1018,1
5538,1013,1
5539,1009,1
5540,1010,1
5541,1007,1
5542,1003,1
5543,1000,1
5544,998,1
5545,1001,1
5546,1005,1
5547,1006,1
5548,1005,1
5549,1001,1
5550,999,1
5551,1003,1
5552,1008,1
5553,1008,1
5554,1007,1
5555,1005,1
5556,1002,1
5557,1007,1
5558,1008,1
5559,1012,1
5560,1011,1
5561,1007,1
5562,1006,1
5563,1005,1
5564,1003,1
5565,996,1
5566,999,1
5567,1009,1
5568,1024,1
5569,1052,1
5570,1075,1
5571,1100,1
5572,1115,1
5573,1119,1
5574,1097,1
5575,1058,1
5576,1021,1
5577,996,1
5578,987,1
5579,985,1
5580,988,1
5581,1002,1
5582,1011,1
5583,1013,1
5584,1010,1
5585,1008,1
5586,1008,1
5587,1009,1
5588,1012,1
5589,1014,1
5590,1011,1
5591,1007,1
5592,1008,1
5593,1011,1
5594,1015,1
5595,1015,1
5596,1013,1
5597,1012,1
5598,1009,1
5599,1014,1
5600,1015,1
5601,1017,1
5602,1017,1
5603,1012,1
5604,1011,1
5605,1012,1
5606,1015,1
5607,1016,1
5608,1017,1
5609,1014,1
5610,1015,1
5611,1017,1
5612,1017,1
5613,1019,1
5614,1016,1
5615,1012,1
5616,1011,1
5617,1014,1
5618,1018,1
5619,1017,1
5620,1016,1
5621,1013,1
5622,1014,1
5623,1012,1
5624,1018,1
5625,1018,1
5626,1018,1
5627,1014,1
5628,1015,1
5629,1016,1
5630,1018,1
5631,1018,1
5632,1018,1
5633,1013,1
5634,1013,1
5635,1011,1
5636,1014,1
5637,1017,1
5638,1014,1
5639,1015,1
5640,1014,1
5641,1017,1
5642,1019,1
5643,1018,1
5644,1013,1
5645,1011,1
5646,1010,1
5647,1010,1
5648,1012,1
5649,1015,1
5650,1012,1
5651,1010,1
5652,1011,1
5653,1011,1
5654,1015,1
5655,1013,1
5656,1009,1
5657,1007,1
5658,1005,1
5659,1004,1
5660,1008,1
5661,1010,1
5662,1006,1
5663,1005,1
5664,1001,1
5665,1003,1
5666,1003,1
5667,1003,1
5668,998,1
5669,996,1
5670,993,1
5671,996,1
5672,999,1
5673,999,1
5674,999,1
5675,997,1
5676,996,1
5677,995,1
5678,998,1
5679,998,1
5680,991,1
5681,990,1
5682,987,1
5683,986,1
5684,992,1
5685,995,1
5686,995,1
5687,993,1
5688,994,1
5689,990,1
5690,992,1
5691,993,1
5692,992,1
5693,989,1
5694,986,1
5695,988,1
5696,987,1
5697,989,1
5698,990,1
5699,988,1
5700,989,1
5701,986,1
5702,992,1
5703,991,1
5704,991,1
5705,989,1
5706,988,1
5707,985,1
5708,990,1
5709,988,1
5710,985,1
5711,985,1
5712,982,1
5713,985,1
5714,986,1
5715,987,1
5716,989,1
5717,985,1
5718,983,1
5719,985,1
5720,988,1
5721,991,1
5722,988,1
5723,983,1
5724,983,1
5725,986,1
5726,987,1
5727,990,1
5728,989,1
5729,985,1
5730,984,1
5731,984,1
5732,986,1
5733,988,1
5734,984,1
5735,983,1
5736,981,1
5737,984,1
5738,986,1
5739,986,1
5740,984,1
5741,982,1
5742,987,1
5743,986,1
5744,987,1
5745,988,1
5746,986,1
5747,984,1
5748,983,1
5749,986,1
5750,988,1
5751,986,1
5752,989,1
5753,983,1
5754,982,1
5755,982,1
5756,987,1
5757,989,1
5758,987,1
5759,987,1
5760,986,1
5761,987,1
5762,989,1
5763,989,1
5764,987,1
5765,987,1
5766,985,1
5767,987,1
5768,989,1
5769,987,1
5770,988,1
5771,984,1
5772,985,1
5773,986,1
5774,989,1
5775,989,1
5776,986,1
5777,985,1
5778,984,1
5779,983,1
5780,987,1
5781,986,1
5782,985,1
5783,984,1
5784,984,1
5785,984,1
5786,989,1
5787,990,1
5788,989,1
5789,985,1
5790,984,1
5791,985,1
5792,985,1
5793,987,1
5794,984,1
5795,981,1
5796,981,1
5797,984,1
5798,985,1
5799,986,1
5800,984,1
5801,982,1
5802,982,1
5803,981,1
5804,985,1
5805,988,1
5806,985,1
5807,983,1
5808,981,1
5809,983,1
5810,988,1
5811,986,1
5812,985,1
5813,979,1
5814,980,1
5815,979,1
5816,980,1
5817,983,1
5818,983,1
5819,982,1
5820,981,1
5821,982,1
5822,986,1
5823,985,1
5824,985,1
5825,984,1
5826,983,1
5827,983,1
5828,986,1
5829,988,1
5830,988,1
5831,984,1
5832,981,1
5833,985,1
5834,988,1
5835,989,1
5836,988,1
5837,987,1
5838,991,1
5839,994,1
5840,993,1
5841,1000,1
5842,997,1
5843,998,1
5844,1000,1
5845,1004,1
5846,1007,1
5847,1011,1
5848,1011,1
5849,1005,1
5850,1006,1
5851,1002,1
5852,1005,1
5853,1004,1
5854,1002,1
5855,996,1
5856,995,1
5857,998,1
5858,1001,1
5859,1000,1
5860,998,1
5861,992,1
5862,988,1
5863,985,1
5864,989,1
5865,990,1
5866,987,1
5867,982,1
5868,982,1
5869,984,1
5870,990,1
5871,991,1
5872,989,1
5873,986,1
5874,987,1
5875,990,1
5876,992,1
5877,996,1
5878,991,1
5879,992,1
5880,990,1
5881,994,1
5882,999,1
5883,1000,1
5884,998,1
5885,995,1
5886,990,1
5887,994,1
5888,1005,1
5889,1030,1
5890,1056,1
5891,1082,1
5892,1105,1
5893,1122,1
5894,1117,1
5895,1089,1
5896,1041,1
5897,1008,1
5898,992,1
5899,984,1
5900,989,1
5901,994,1
5902,993,1
5903,998,1
5904,997,1
5905,999,1
5906,1003,1
5907,1003,1
5908,997,1
5909,995,1
5910,996,1
5911,1002,1
5912,1002,1
5913,1002,1
5914,1001,1
5915,998,1
5916,998,1
5917,1001,1
5918,1003,1
5919,1004,1
5920,1003,1
5921,999,1
5922,1000,1
5923,1003,1
5924,1005,1
5925,1004,1
5926,1007,1
5927,1002,1
5928,1002,1
5929,1006,1
5930,1007,1
5931,1008,1
5932,1008,1
5933,1005,1
5934,1005,1
5935,1003,1
5936,1011,1
5937,1013,1
5938,1011,1
5939,1008,1
5940,1008,1
5941,1011,1
5942,1011,1
5943,1013,1
5944,1012,1
5945,1006,1
5946,1007,1
5947,1008,1
5948,1011,1
5949,1012,1
5950,1009,1
5951,1008,1
5952,1006,1
5953,1008,1
5954,1008,1
5955,1012,1
5956,1009,1
5957,1005,1
5958,1006,1
5959,1007,1
5960,1011,1
5961,1009,1
5962,1011,1
5963,1006,1
5964,1007,1
5965,1011,1
5966,1012,1
5967,1013,1
5968,1010,1
5969,1009,1
5970,1005,1
5971,1010,1
5972,1009,1
5973,1011,1
5974,1009,1
5975,1005,1
5976,1006,1
5977,1005,1
5978,1009,1
5979,1006,1
5980,1005,1
5981,1001,1
5982,999,1
5983,1000,1
5984,1000,1
5985,1003,1
5986,1000,1
5987,995,1
5988,990,1
5989,992,1
5990,995,1
5991,994,1
5992,993,1
5993,991,1
5994,989,1
5995,992,1
5996,991,1
5997,991,1
5998,993,1
5999,991,1
6000,990,1
6001,992,1
6002,994,1
6003,996,1
6004,994,1
6005,994,1
6006,992,1
6007,990,1
6008,993,1
6009,993,1
6010,995,1
6011,993,1
6012,992,1
6013,995,1
6014,996,1
6015,996,1
6016,993,1
6017,995,1
6018,991,1
6019,993,1
6020,996,1
6021,998,1
6022,996,1
6023,993,1
6024,990,1
6025,993,1
6026,995,1
6027,997,1
6028,997,1
6029,995,1
6030,994,1
6031,993,1
6032,997,1
6033,995,1
6034,995,1
6035,994,1
6036,990,1
6037,994,1
6038,999,1
6039,996,1
6040,994,1
6041,992,1
6042,994,1
6043,997,1
6044,993,1
6045,996,1
6046,997,1
6047,994,1
6048,995,1
6049,997,1
6050,999,1
6051,1000,1
6052,999,1
6053,998,1
6054,999,1
6055,999,1
6056,1001,1
6057,1002,1
6058,1001,1
6059,997,1
6060,1000,1
6061,1001,1
6062,1000,1
6063,1000,1
6064,1000,1
6065,997,1
6066,999,1
6067,999,1
6068,1001,1
6069,1004,1
6070,1004,1
6071,1000,1
6072,1001,1
6073,999,1
6074,1005,1
6075,1004,1
6076,1003,1
6077,1000,1
6078,998,1
6079,997,1
6080,1001,1
6081,1003,1
6082,1001,1
6083,1000,1
6084,1002,1
6085,1001,1
6086,1004,1
6087,1005,1
6088,1006,1
6089,1004,1
6090,1002,1
6091,1002,1
6092,1006,1
6093,1007,1
6094,1007,1
6095,1004,1
6096,1004,1
6097,1002,1
6098,1003,1
6099,1006,1
6100,1006,1
6101,1003,1
6102,1002,1
6103,1006,1
6104,1007,1
6105,1007,1
6106,1005,1
6107,1004,1
6108,1002,1
6109,1003,1
6110,1008,1
6111,1008,1
6112,1005,1
6113,1004,1
6114,1002,1
6115,1003,1
6116,1007,1
6117,1008,1
6118,1008,1
6119,1005,1
6120,1002,1
6121,1004,1
6122,1006,1
6123,1007,1
6124,1009,1
6125,1004,1
6126,1003,1
6127,1005,1
6128,1006,1
6129,1009,1
6130,1007,1
6131,1006,1
6132,1006,1
6133,1009,1
6134,1010,1
6135,1013,1
6136,1012,1
6137,1009,1
6138,1010,1
6139,1011,1
6140,1015,1
6141,1016,1
6142,1016,1
6143,1015,1
6144,1016,1
6145,1020,1
6146,1022,1
6147,1025,1
6148,1024,1
6149,1023,1
6150,1023,1
6151,1026,1
6152,1026,1
6153,1023,1
6154,1017,1
6155,1014,1
6156,1013,1
6157,1015,1
6158,1015,1
6159,1019,1
6160,1016,1
6161,1010,1
6162,1005,1
6163,1007,1
6164,1008,1
6165,1004,1
6166,999,1
6167,999,1
6168,999,1
6169,999,1
6170,1003,1
6171,1004,1
6172,1002,1
6173,1001,1
6174,999,1
6175,1007,1
6176,1006,1
6177,1010,1
6178,1009,1
6179,1006,1
6180,1008,1
6181,1010,1
6182,1013,1
6183,1015,1
6184,1017,1
6185,1015,1
6186,1011,1
6187,1018,1
6188,1027,1
6189,1049,1
6190,1074,1
6191,1098,1
6192,1122,1
6193,1143,1
6194,1157,1
6195,1161,1
6196,1142,1
6197,1103,1
6198,1061,1
6199,1035,1
6200,1021,1
6201,1017,1
6202,1012,1
6203,1009,1
6204,1008,1
6205,1008,1
6206,1009,1
6207,1010,1
6208,1008,1
6209,1004,1
6210,1002,1
6211,1004,1
6212,1006,1
6213,1008,1
6214,1007,1
6215,1005,1
6216,1004,1
6217,1004,1
6218,1004,1
6219,1006,1
6220,1004,1
6221,1006,1
6222,1003,1
6223,1005,1
6224,1007,1
6225,1009,1
6226,1006,1
6227,1004,1
6228,1003,1
6229,1004,1
6230,1006,1
6231,1008,1
6232,1005,1
6233,1004,1
6234,1002,1
6235,1004,1
6236,1005,1
6237,1007,1
6238,1006,1
6239,1005,1
6240,1004,1
6241,1005,1
6242,1008,1
6243,1008,1
6244,1007,1
6245,1004,1
6246,1000,1
6247,1006,1
6248,1008,1
6249,1008,1
6250,1006,1
6251,1003,1
6252,1004,1
6253,1003,1
6254,1009,1
6255,1009,1
6256,1006,1
6257,1003,1
6258,1003,1
6259,1006,1
6260,1009,1
6261,1008,1
6262,1007,1
6263,1005,1
6264,1004,1
6265,1007,1
6266,1009,1
6267,1007,1
6268,1007,1
6269,1003,1
6270,1002,1
6271,1005,1
6272,1008,1
6273,1010,1
6274,1008,1
6275,1005,1
6276,1005,1
6277,1004,1
6278,1007,1
6279,1007,1
6280,1005,1
6281,1001,1
6282,999,1
6283,998,1
6284,1003,1
6285,1004,1
6286,999,1
6287,996,1
6288,994,1
6289,998,1
6290,999,1
6291,1000,1
6292,998,1
6293,994,1
6294,993,1
6295,992,1
6296,993,1
6297,991,1
6298,994,1
6299,988,1
6300,988,1
6301,992,1
6302,993,1
6303,995,1
6304,992,1
6305,988,1
6306,987,1
6307,990,1
6308,989,1
6309,992,1
6310,991,1
6311,986,1
6312,986,1
6313,990,1
6314,989,1
6315,992,1
6316,988,1
6317,989,1
6318,989,1
6319,988,1
6320,991,1
6321,991,1
6322,990,1
6323,986,1
6324,985,1
6325,988,1
6326,991,1
6327,991,1
6328,992,1
6329,988,1
6330,987,1
6331,990,1
6332,990,1
6333,994,1
6334,989,1
6335,986,1
6336,986,1
6337,987,1
6338,988,1
6339,989,1
6340,987,1
6341,986,1
6342,983,1
6343,985,1
6344,984,1
6345,989,1
6346,988,1
6347,987,1
6348,984,1
6349,988,1
6350,989,1
6351,987,1
6352,986,1
6353,982,1
6354,984,1
6355,987,1
6356,988,1
6357,989,1
6358,985,1
6359,983,1
6360,983,1
6361,987,1
6362,989,1
6363,990,1
6364,990,1
6365,985,1
6366,984,1
6367,984,1
6368,986,1
6369,989,1
6370,990,1
6371,988,1
6372,984,1
6373,985,1
6374,983,1
6375,983,1
6376,986,1
6377,983,1
6378,981,1
6379,984,1
6380,987,1
6381,989,1
6382,983,1
6383,985,1
6384,985,1
6385,985,1
6386,987,1
6387,989,1
6388,990,1
6389,985,1
6390,984,1
6391,986,1
6392,987,1
6393,990,1
6394,985,1
6395,984,1
6396,984,1
6397,984,1
6398,986,1
6399,986,1
6400,986,1
6401,983,1
6402,981,1
6403,984,1
6404,985,1
6405,985,1
6406,984,1
6407,983,1
6408,982,1
6409,982,1
6410,987,1
6411,989,1
6412,987,1
6413,984,1
6414,983,1
6415,984,1
6416,987,1
6417,988,1
6418,986,1
6419,982,1
6420,983,1
6421,985,1
6422,990,1
6423,991,1
6424,989,1
6425,984,1
6426,983,1
6427,987,1
6428,987,1
6429,990,1
6430,992,1
6431,990,1
6432,989,1
6433,992,1
6434,996,1
6435,999,1
6436,1000,1
6437,997,1
6438,997,1
6439,998,1
6440,1000,1
6441,1001,1
6442,1001,1
6443,997,1
6444,995,1
6445,994,1
6446,991,1
6447,992,1
6448,991,1
6449,986,1
6450,985,1
6451,987,1
6452,989,1
6453,987,1
6454,984,1
6455,978,1
6456,976,1
6457,976,1
6458,977,1
6459,976,1
6460,975,1
6461,974,1
6462,971,1
6463,976,1
6464,982,1
6465,979,1
6466,979,1
6467,979,1
6468,977,1
6469,980,1
6470,982,1
6471,981,1
6472,983,1
6473,979,1
6474,982,1
6475,983,1
6476,981,1
6477,978,1
6478,973,1
6479,976,1
6480,993,1
6481,1017,1
6482,1039,1
6483,1060,1
6484,1070,1
6485,1065,1
6486,1044,1
6487,1019,1
6488,995,1
6489,980,1
6490,967,1
6491,964,1
6492,963,1
6493,973,1
6494,982,1
6495,987,1
6496,983,1
6497,983,1
6498,977,1
6499,981,1
6500,985,1
6501,985,1
6502,982,1
6503,979,1
6504,978,1
6505,979,1
6506,982,1
6507,984,1
6508,982,1
6509,981,1
6510,983,1
6511,985,1
6512,982,1
6513,984,1
6514,986,1
6515,982,1
6516,980,1
6517,979,1
6518,984,1
6519,985,1
6520,986,1
6521,982,1
6522,980,1
6523,980,1
6524,986,1
6525,987,1
6526,984,1
6527,983,1
6528,983,1
6529,984,1
6530,989,1
6531,987,1
6532,984,1
6533,982,1
6534,982,1
6535,985,1
6536,986,1
6537,986,1
6538,987,1
6539,985,1
6540,984,1
6541,984,1
6542,987,1
6543,989,1
6544,984,1
6545,984,1
6546,980,1
6547,983,1
6548,984,1
6549,984,1
6550,986,1
6551,980,1
6552,980,1
6553,982,1
6554,985,1
6555,989,1
6556,983,1
6557,980,1
6558,979,1
6559,982,1
6560,986,1
6561,985,1
6562,982,1
6563,978,1
6564,977,1
6565,976,1
6566,982,1
6567,980,1
6568,979,1
6569,977,1
6570,974,1
6571,972,1
6572,973,1
6573,975,1
6574,972,1
6575,969,1
6576,968,1
6577,969,1
6578,968,1
6579,971,1
6580,966,1
6581,963,1
6582,966,1
6583,966,1
6584,968,1
6585,970,1
6586,966,1
6587,964,1
6588,961,1
6589,965,1
6590,966,1
6591,968,1
6592,966,1
6593,962,1
6594,964,1
6595,962,1
6596,965,1
6597,967,1
6598,966,1
6599,964,1
6600,961,1
6601,965,1
6602,965,1
6603,969,1
6604,969,1
6605,963,1
6606,963,1
6607,965,1
6608,963,1
6609,966,1
6610,960,1
6611,960,1
6612,956,1
6613,961,1
6614,967,1
6615,968,1
6616,965,1
6617,965,1
6618,963,1
6619,965,1
6620,965,1
6621,966,1
6622,965,1
6623,961,1
6624,963,1
6625,965,1
6626,967,1
6627,969,1
6628,969,1
6629,965,1
6630,966,1
6631,966,1
6632,968,1
6633,971,1
6634,968,1
6635,968,1
6636,965,1
6637,970,1
6638,970,1
6639,973,1
6640,972,1
6641,969,1
6642,969,1
6643,972,1
6644,976,1
6645,976,1
6646,972,1
6647,969,1
6648,970,1
6649,974,1
6650,976,1
6651,978,1
6652,974,1
6653,975,1
6654,973,1
6655,974,1
6656,979,1
6657,977,1
6658,977,1
6659,975,1
6660,975,1
6661,979,1
6662,979,1
6663,980,1
6664,976,1
6665,974,1
6666,976,1
6667,977,1
6668,980,1
6669,979,1
6670,978,1
6671,975,1
6672,974,1
6673,978,1
6674,981,1
6675,983,1
6676,982,1
6677,981,1
6678,978,1
6679,982,1
6680,984,1
6681,985,1
6682,984,1
6683,982,1
6684,980,1
6685,979,1
6686,983,1
6687,984,1
6688,982,1
6689,980,1
6690,982,1
6691,985,1
6692,985,1
6693,985,1
6694,985,1
6695,983,1
6696,983,1
6697,984,1
6698,988,1
6699,989,1
6700,988,1
6701,984,1
6702,984,1
6703,987,1
6704,990,1
6705,989,1
6706,988,1
6707,988,1
6708,988,1
6709,990,1
6710,994,1
6711,993,1
6712,993,1
6713,990,1
6714,990,1
6715,993,1
6716,997,1
6717,996,1
6718,998,1
6719,994,1
6720,999,1
6721,1003,1
6722,1004,1
6723,1004,1
6724,1005,1
6725,1003,1
6726,1004,1
6727,1009,1
6728,1010,1
6729,1012,1
6730,1015,1
6731,1015,1
6732,1017,1
6733,1021,1
6734,1023,1
6735,1025,1
6736,1024,1
6737,1018,1
6738,1018,1
6739,1013,1
6740,1013,1
6741,1016,1
6742,1014,1
6743,1007,1
6744,1003,1
6745,1002,1
6746,1001,1
6747,999,1
6748,997,1
6749,991,1
6750,991,1
6751,992,1
6752,997,1
6753,999,1
6754,994,1
6755,990,1
6756,989,1
6757,994,1
6758,997,1
6759,999,1
6760,998,1
6761,996,1
6762,995,1
6763,996,1
6764,1002,1
6765,1002,1
6766,1004,1
6767,1002,1
6768,999,1
6769,997,1
6770,1002,1
6771,1014,1
6772,1027,1
6773,1044,1
6774,1069,1
6775,1098,1
6776,1116,1
6777,1124,1
6778,1115,1
6779,1085,1
6780,1052,1
6781,1028,1
6782,1014,1
6783,1009,1
6784,1006,1
6785,1003,1
6786,1006,1
6787,1004,1
6788,1007,1
6789,1007,1
6790,1006,1
6791,1004,1
6792,1002,1
6793,1003,1
6794,1004,1
6795,1006,1
6796,1005,1
6797,1003,1
6798,1001,1
6799,1004,1
6800,1006,1
6801,1006,1
6802,1003,1
6803,1001,1
6804,1002,1
6805,1004,1
6806,1005,1
6807,1007,1
6808,1003,1
6809,1005,1
6810,1003,1
6811,1005,1
6812,1008,1
6813,1007,1
6814,1005,1
6815,1004,1
6816,1001,1
6817,1004,1
6818,1007,1
6819,1006,1
6820,1009,1
6821,1005,1
6822,1006,1
6823,1007,1
6824,1007,1
6825,1009,1
6826,1008,1
6827,1005,1
6828,1005,1
6829,1008,1
6830,1007,1
6831,1008,1
6832,1010,1
6833,1007,1
6834,1005,1
6835,1009,1
6836,1011,1
6837,1012,1
6838,1010,1
6839,1007,1
6840,1006,1
6841,1007,1
6842,1011,1
6843,1012,1
6844,1010,1
6845,1007,1
6846,1007,1
6847,1008,1
6848,1011,1
6849,1012,1
6850,1011,1
6851,1008,1
6852,1006,1
6853,1009,1
6854,1012,1
6855,1010,1
6856,1007,1
6857,1005,1
6858,1004,1
6859,1004,1
6860,1006,1
6861,1008,1
6862,1004,1
6863,1000,1
6864,1001,1
6865,1000,1
6866,1002,1
6867,1000,1
6868,1000,1
6869,994,1
6870,995,1
6871,994,1
6872,997,1
6873,998,1
6874,996,1
6875,994,1
6876,991,1
6877,993,1
6878,996,1
6879,996,1
6880,996,1
6881,993,1
6882,995,1
6883,996,1
6884,996,1
6885,999,1
6886,998,1
6887,992,1
6888,994,1
6889,995,1
6890,995,1
6891,996,1
6892,992,1
6893,993,1
6894,991,1
6895,996,1
6896,997,1
6897,997,1
6898,999,1
6899,994,1
6900,991,1
6901,998,1
6902,1000,1
6903,1001,1
6904,1000,1
6905,996,1
6906,997,1
6907,996,1
6908,1000,1
6909,1002,1
6910,996,1
6911,997,1
6912,996,1
6913,999,1
6914,998,1
6915,998,1
6916,999,1
6917,996,1
6918,995,1
6919,997,1
6920,998,1
6921,999,1
6922,998,1
6923,997,1
6924,994,1
6925,996,1
6926,1000,1
6927,999,1
6928,1001,1
6929,995,1
6930,996,1
6931,996,1
6932,997,1
6933,1001,1
6934,1002,1
6935,998,1
6936,996,1
6937,1000,1
6938,1002,1
6939,1004,1
6940,1000,1
6941,999,1
6942,1000,1
6943,999,1
6944,1005,1
6945,1003,1
6946,1004,1
6947,999,1
6948,1000,1
6949,999,1
6950,1003,1
6951,1005,1
6952,1005,1
6953,1000,1
6954,1000,1
6955,1004,1
6956,1004,1
6957,1005,1
6958,1003,1
6959,1001,1
6960,1001,1
6961,1002,1
6962,1006,1
6963,1007,1
6964,1005,1
6965,1003,1
6966,1003,1
6967,1007,1
6968,1009,1
6969,1010,1
6970,1010,1
6971,1009,1
6972,1009,1
6973,1012,1
6974,1016,1
6975,1018,1
6976,1019,1
6977,1016,1
6978,1018,1
6979,1025,1
6980,1030,1
6981,1035,1
6982,1038,1
6983,1041,1
6984,1046,1
6985,1048,1
6986,1049,1
6987,1047,1
6988,1047,1
6989,1043,1
6990,1040,1
6991,1038,1
6992,1039,1
6993,1039,1
6994,1035,1
6995,1028,1
6996,1026,1
6997,1023,1
6998,1019,1
6999,1018,1
7000,1010,1
7001,1008,1
7002,1002,1
7003,1004,1
7004,1004,1
7005,1005,1
7006,1001,1
7007,1000,1
7008,997,1
7009,999,1
7010,1002,1
7011,1000,1
7012,999,1
7013,995,1
7014,994,1
7015,999,1
7016,1004,1
7017,1007,1
7018,1008,1
7019,1002,1
7020,1003,1
7021,1007,1
7022,1011,1
7023,1011,1
7024,1008,1
7025,1003,1
7026,1009,1
7027,1024,1
7028,1046,1
7029,1082,1
7030,1106,1
7031,1125,1
7032,1135,1
7033,1138,1
7034,1127,1
7035,1101,1
7036,1066,1
7037,1031,1
7038,1013,1
7039,1006,1
7040,1008,1
7041,1011,1
7042,1010,1
7043,1008,1
7044,1005,1
7045,1004,1
7046,1005,1
7047,1004,1
7048,1003,1
7049,1000,1
7050,1001,1
7051,1002,1
7052,1004,1
7053,1006,1
7054,1002,1
7055,1003,1
7056,999,1
7057,1001,1
7058,1004,1
7059,1005,1
7060,1003,1
7061,1002,1
7062,999,1
7063,1003,1
7064,1005,1
7065,1005,1
7066,1005,1
7067,1001,1
7068,999,1
7069,1000,1
7070,1005,1
7071,1007,1
7072,1006,1
7073,1002,1
7074,1000,1
7075,1004,1
7076,1005,1
7077,1010,1
7078,1006,1
7079,1002,1
7080,1001,1
7081,1004,1
7082,1007,1
7083,1009,1
7084,1007,1
7085,1002,1
7086,1006,1
7087,1007,1
7088,1009,1
7089,1010,1
7090,1008,1
7091,1009,1
7092,1006,1
7093,1009,1
7094,1010,1
7095,1013,1
7096,1008,1
7097,1009,1
7098,1009,1
7099,1009,1
7100,1013,1
7101,1012,1
7102,1009,1
7103,1009,1
7104,1008,1
7105,1009,1
7106,1014,1
7107,1016,1
7108,1012,1
7109,1009,1
7110,1009,1
7111,1006,1
7112,1012,1
7113,1012,1
7114,1008,1
7115,1006,1
7116,1004,1
7117,1002,1
7118,1003,1
7119,1004,1
7120,1003,1
7121,1000,1
7122,999,1
7123,999,1
7124,1002,1
7125,1001,1
7126,996,1
7127,997,1
7128,995,1
7129,994,1
7130,998,1
7131,999,1
7132,995,1
7133,993,1
7134,992,1
7135,994,1
7136,997,1
7137,994,1
7138,996,1
7139,990,1
7140,991,1
7141,988,1
7142,995,1
7143,991,1
7144,994,1
7145,990,1
7146,988,1
7147,989,1
7148,993,1
7149,993,1
7150,993,1
7151,989,1
7152,988,1
7153,992,1
7154,991,1
7155,995,1
7156,993,1
7157,992,1
7158,990,1
7159,992,1
7160,994,1
7161,996,1
7162,993,1
7163,987,1
7164,989,1
7165,990,1
7166,992,1
7167,994,1
7168,995,1
7169,992,1
7170,988,1
7171,992,1
7172,996,1
7173,992,1
7174,992,1
7175,992,1
7176,989,1
7177,992,1
7178,993,1
7179,992,1
7180,989,1
7181,987,1
7182,982,1
7183,989,1
7184,990,1
7185,993,1
7186,991,1
7187,991,1
7188,991,1
7189,994,1
7190,993,1
7191,995,1
7192,991,1
7193,987,1
7194,988,1
7195,988,1
7196,992,1
7197,991,1
7198,991,1
7199,989,1
7200,987,1
7201,992,1
7202,991,1
7203,992,1
7204,993,1
7205,989,1
7206,989,1
7207,987,1
7208,992,1
7209,991,1
7210,987,1
7211,984,1
7212,986,1
7213,988,1
7214,987,1
7215,988,1
7216,988,1
7217,986,1
7218,984,1
7219,986,1
7220,988,1
7221,988,1
7222,988,1
7223,984,1
7224,981,1
7225,985,1
7226,986,1
7227,988,1
7228,983,1
7229,984,1
7230,982,1
7231,981,1
7232,987,1
7233,988,1
7234,984,1
7235,980,1
7236,978,1
7237,982,1
7238,983,1
7239,986,1
7240,984,1
7241,981,1
7242,983,1
7243,983,1
7244,985,1
7245,986,1
7246,984,1
7247,982,1
7248,980,1
7249,982,1
7250,980,1
7251,985,1
7252,983,1
7253,983,1
7254,978,1
7255,981,1
7256,984,1
7257,984,1
7258,985,1
7259,982,1
7260,977,1
7261,983,1
7262,985,1
7263,985,1
7264,986,1
7265,982,1
7266,976,1
7267,979,1
7268,985,1
7269,986,1
7270,984,1
7271,983,1
7272,982,1
7273,985,1
7274,989,1
7275,988,1
7276,987,1
7277,984,1
7278,983,1
7279,987,1
7280,990,1
7281,993,1
7282,991,1
7283,984,1
7284,987,1
7285,991,1
7286,998,1
7287,999,1
7288,996,1
7289,993,1
7290,994,1
7291,997,1
7292,999,1
7293,1000,1
7294,995,1
7295,992,1
7296,989,1
7297,989,1
7298,990,1
7299,989,1
7300,985,1
7301,984,1
7302,981,1
7303,979,1
7304,981,1
7305,978,1
7306,974,1
7307,974,1
7308,974,1
7309,975,1
7310,978,1
7311,981,1
7312,979,1
7313,978,1
7314,976,1
7315,978,1
7316,982,1
7317,983,1
7318,983,1
7319,982,1
7320,981,1
7321,984,1
7322,987,1
7323,988,1
7324,981,1
7325,977,1
7326,979,1
7327,989,1
7328,1008,1
7329,1027,1
7330,1047,1
7331,1065,1
7332,1074,1
7333,1076,1
7334,1058,1
7335,1025,1
7336,995,1
7337,976,1
7338,972,1
7339,978,1
7340,985,1
7341,990,1
7342,989,1
7343,983,1
7344,976,1
7345,977,1
7346,985,1
7347,984,1
7348,983,1
7349,983,1
7350,980,1
7351,984,1
7352,985,1
7353,983,1
7354,983,1
7355,982,1
7356,981,1
7357,983,1
7358,987,1
7359,987,1
7360,984,1
7361,983,1
7362,982,1
7363,985,1
7364,984,1
7365,989,1
7366,986,1
7367,980,1
7368,983,1
7369,985,1
7370,987,1
7371,986,1
7372,985,1
7373,983,1
7374,980,1
7375,982,1
7376,984,1
7377,983,1
7378,982,1
7379,980,1
7380,979,1
7381,979,1
7382,982,1
7383,984,1
7384,982,1
7385,980,1
7386,980,1
7387,982,1
7388,986,1
7389,983,1
7390,982,1
7391,981,1
7392,980,1
7393,983,1
7394,984,1
7395,985,1
7396,978,1
7397,978,1
7398,977,1
7399,979,1
7400,979,1
7401,981,1
7402,980,1
7403,977,1
7404,975,1
7405,976,1
7406,976,1
7407,976,1
7408,979,1
7409,973,1
7410,973,1
7411,974,1
7412,974,1
7413,975,1
7414,972,1
7415,968,1
7416,968,1
7417,967,1
7418,969,1
7419,967,1
7420,968,1
7421,964,1
7422,961,1
7423,966,1
7424,966,1
7425,968,1
7426,966,1
7427,962,1
7428,964,1
7429,962,1
7430,966,1
7431,966,1
7432,963,1
7433,959,1
7434,961,1
7435,963,1
7436,965,1
7437,965,1
7438,963,1
7439,961,1
7440,961,1
7441,963,1
7442,964,1
7443,966,1
7444,964,1
7445,961,1
7446,957,1
7447,957,1
7448,964,1
7449,964,1
7450,962,1
7451,961,1
7452,958,1
7453,961,1
7454,964,1
7455,965,1
7456,964,1
7457,962,1
7458,959,1
7459,963,1
7460,966,1
7461,968,1
7462,966,1
7463,962,1
7464,961,1
7465,962,1
7466,963,1
7467,963,1
7468,961,1
7469,959,1
7470,958,1
7471,964,1
7472,965,1
7473,966,1
7474,966,1
7475,964,1
7476,961,1
7477,963,1
7478,964,1
7479,963,1
7480,965,1
7481,962,1
7482,965,1
7483,967,1
7484,967,1
7485,968,1
7486,967,1
7487,962,1
7488,964,1
7489,964,1
7490,969,1
7491,966,1
7492,971,1
7493,966,1
7494,967,1
7495,967,1
7496,973,1
7497,971,1
7498,971,1
7499,968,1
7500,969,1
7501,972,1
7502,972,1
7503,973,1
7504,971,1
7505,969,1
7506,967,1
7507,970,1
7508,975,1
7509,976,1
7510,974,1
7511,971,1
7512,972,1
7513,975,1
7514,976,1
7515,978,1
7516,976,1
7517,974,1
7518,974,1
7519,975,1
7520,978,1
7521,977,1
7522,977,1
7523,974,1
7524,972,1
7525,976,1
7526,978,1
7527,979,1
7528,978,1
7529,977,1
7530,977,1
7531,978,1
7532,978,1
7533,982,1
7534,979,1
7535,979,1
7536,978,1
7537,980,1
7538,983,1
7539,981,1
7540,981,1
7541,981,1
7542,982,1
7543,984,1
7544,987,1
7545,989,1
7546,983,1
7547,983,1
7548,984,1
7549,988,1
7550,989,1
7551,991,1
7552,991,1
7553,989,1
7554,990,1
7555,993,1
7556,1000,1
7557,1003,1
7558,1004,1
7559,1003,1
7560,1001,1
7561,1009,1
7562,1014,1
7563,1020,1
7564,1020,1
7565,1019,1
7566,1018,1
7567,1022,1
7568,1023,1
7569,1025,1
7570,1019,1
7571,1018,1
7572,1013,1
7573,1013,1
7574,1013,1
7575,1011,1
7576,1007,1
7577,1001,1
7578,996,1
7579,990,1
7580,992,1
7581,992,1
7582,986,1
7583,981,1
7584,981,1
7585,983,1
7586,983,1
7587,983,1
7588,984,1
7589,979,1
7590,979,1
7591,982,1
7592,983,1
7593,985,1
7594,988,1
7595,987,1
7596,986,1
7597,990,1
7598,992,1
7599,995,1
7600,991,1
7601,988,1
7602,988,1
7603,989,1
7604,992,1
7605,1004,1
7606,1020,1
7607,1039,1
7608,1062,1
7609,1086,1
7610,1103,1
7611,1105,1
7612,1088,1
7613,1054,1
7614,1026,1
7615,1010,1
7616,1002,1
7617,1000,1
7618,993,1
7619,993,1
7620,994,1
7621,993,1
7622,998,1
7623,997,1
7624,992,1
7625,988,1
7626,988,1
7627,992,1
7628,992,1
7629,993,1
7630,991,1
7631,987,1
7632,986,1
7633,991,1
7634,994,1
7635,994,1
7636,993,1
7637,987,1
7638,990,1
7639,991,1
7640,993,1
7641,994,1
7642,994,1
7643,991,1
7644,992,1
7645,991,1
7646,994,1
7647,995,1
7648,992,1
7649,992,1
7650,994,1
7651,996,1
7652,999,1
7653,997,1
7654,997,1
7655,993,1
7656,992,1
7657,994,1
7658,997,1
7659,999,1
7660,997,1
7661,994,1
7662,996,1
7663,996,1
7664,999,1
7665,999,1
7666,1000,1
7667,996,1
7668,995,1
7669,999,1
7670,1001,1
7671,1000,1
7672,998,1
7673,997,1
7674,997,1
7675,996,1
7676,1000,1
7677,1003,1
7678,1001,1
7679,1000,1
7680,997,1
7681,998,1
7682,1001,1
7683,1004,1
7684,1003,1
7685,998,1
7686,1000,1
7687,998,1
7688,1000,1
7689,1001,1
7690,1001,1
7691,998,1
7692,998,1
7693,999,1
7694,998,1
7695,1001,1
7696,1000,1
7697,996,1
7698,997,1
7699,993,1
7700,995,1
7701,996,1
7702,990,1
7703,987,1
7704,990,1
7705,989,1
7706,992,1
7707,990,1
7708,987,1
7709,987,1
7710,984,1
7711,986,1
7712,990,1
7713,991,1
7714,988,1
7715,986,1
7716,985,1
7717,987,1
7718,992,1
7719,991,1
7720,989,1
7721,984,1
7722,984,1
7723,988,1
7724,990,1
7725,988,1
7726,990,1
7727,988,1
7728,988,1
7729,989,1
7730,992,1
7731,993,1
7732,993,1
7733,990,1
7734,990,1
7735,992,1
7736,993,1
7737,995,1
7738,989,1
7739,987,1
7740,989,1
7741,992,1
7742,991,1
7743,993,1
7744,990,1
7745,989,1
7746,990,1
7747,992,1
7748,993,1
7749,994,1
7750,993,1
7751,991,1
7752,989,1
7753,993,1
7754,992,1
7755,994,1
7756,992,1
7757,990,1
7758,992,1
7759,992,1
7760,994,1
7761,996,1
7762,994,1
7763,993,1
7764,992,1
7765,995,1
7766,995,1
7767,996,1
7768,995,1
7769,995,1
7770,995,1
7771,995,1
7772,997,1
7773,998,1
7774,998,1
7775,993,1
7776,991,1
7777,996,1
7778,999,1
7779,996,1
7780,997,1
7781,995,1
7782,990,1
7783,994,1
7784,998,1
7785,998,1
7786,1001,1
7787,997,1
7788,998,1
7789,999,1
7790,1003,1
7791,1003,1
7792,999,1
7793,998,1
7794,998,1
7795,1001,1
7796,1001,1
7797,1003,1
7798,1000,1
7799,998,1
7800,997,1
7801,998,1
7802,1001,1
7803,1000,1
7804,998,1
7805,998,1
7806,998,1
7807,1000,1
7808,1001,1
7809,1001,1
7810,1000,1
7811,998,1
7812,998,1
7813,1002,1
7814,1003,1
7815,1005,1
7816,1000,1
7817,998,1
7818,999,1
7819,1001,1
7820,1003,1
7821,1002,1
7822,1004,1
7823,1001,1
7824,1001,1
7825,1003,1
7826,1008,1
7827,1007,1
7828,1005,1
7829,1004,1
7830,1005,1
7831,1006,1
7832,1010,1
7833,1015,1
7834,1013,1
7835,1013,1
7836,1015,1
7837,1019,1
7838,1022,1
7839,1024,1
7840,1023,1
7841,1024,1
7842,1026,1
7843,1035,1
7844,1040,1
7845,1044,1
7846,1045,1
7847,1046,1
7848,1044,1
7849,1047,1
7850,1044,1
7851,1045,1
7852,1044,1
7853,1038,1
7854,1033,1
7855,1035,1
7856,1036,1
7857,1033,1
7858,1029,1
7859,1022,1
7860,1018,1
7861,1015,1
7862,1015,1
7863,1013,1
7864,1010,1
7865,1005,1
7866,1001,1
7867,1003,1
7868,1003,1
7869,1000,1
7870,1003,1
7871,1001,1
7872,999,1
7873,1001,1
7874,1003,1
7875,1000,1
7876,1004,1
7877,1000,1
7878,1002,1
7879,1002,1
7880,1005,1
7881,1006,1
7882,1007,1
7883,1007,1
7884,1005,1
7885,1003,1
7886,1005,1
7887,1005,1
7888,1004,1
7889,1013,1
7890,1024,1
7891,1044,1
7892,1068,1
7893,1092,1
7894,1106,1
7895,1112,1
7896,1107,1
7897,1090,1
7898,1065,1
7899,1038,1
7900,1019,1
7901,1010,1
7902,1006,1
7903,1008,1
7904,1011,1
7905,1010,1
7906,1010,1
7907,1007,1
7908,1001,1
7909,1002,1
7910,1004,1
7911,1003,1
7912,997,1
7913,1001,1
7914,1000,1
7915,1000,1
7916,1002,1
7917,1006,1
7918,1006,1
7919,1002,1
7920,1001,1
7921,1004,1
7922,1005,1
7923,1006,1
7924,1004,1
7925,1002,1
7926,1002,1
7927,1004,1
7928,1006,1
7929,1007,1
7930,1004,1
7931,1003,1
7932,1004,1
7933,1007,1
7934,1009,1
7935,1010,1
7936,1005,1
7937,1003,1
7938,1003,1
7939,1006,1
7940,1007,1
7941,1010,1
7942,1005,1
7943,1005,1
7944,1006,1
7945,1005,1
7946,1009,1
7947,1009,1
7948,1008,1
7949,1006,1
7950,1008,1
7951,1009,1
7952,1012,1
7953,1013,1
7954,1012,1
7955,1009,1
7956,1010,1
7957,1011,1
7958,1014,1
7959,1015,1
7960,1011,1
7961,1008,1
7962,1013,1
7963,1015,1
7964,1018,1
7965,1016,1
7966,1015,1
7967,1011,1
7968,1013,1
7969,1016,1
7970,1015,1
7971,1018,1
7972,1017,1
7973,1014,1
7974,1012,1
7975,1014,1
7976,1017,1
7977,1017,1
7978,1017,1
7979,1012,1
7980,1013,1
7981,1015,1
7982,1017,1
7983,1019,1
7984,1015,1
7985,1012,1
7986,1010,1
7987,1013,1
7988,1013,1
7989,1011,1
7990,1012,1
7991,1008,1
7992,1008,1
7993,1007,1
7994,1009,1
7995,1010,1
7996,1008,1
7997,1006,1
7998,1005,1
7999,1003,1
8000,1005,1
8001,1003,1
8002,1003,1
8003,1001,1
8004,1000,1
8005,1000,1
8006,1000,1
8007,1001,1
8008,1002,1
8009,999,1
8010,995,1
8011,1000,1
8012,1001,1
8013,999,1
8014,997,1
8015,996,1
8016,994,1
8017,997,1
8018,1001,1
8019,1001,1
8020,998,1
8021,997,1
8022,995,1
8023,996,1
8024,996,1
8025,997,1
8026,999,1
8027,997,1
8028,995,1
8029,996,1
8030,1000,1
8031,996,1
8032,996,1
8033,995,1
8034,996,1
8035,999,1
8036,999,1
8037,1001,1
8038,998,1
8039,995,1
8040,992,1
8041,996,1
8042,999,1
8043,999,1
8044,998,1
8045,995,1
8046,991,1
8047,996,1
8048,999,1
8049,1001,1
8050,998,1
8051,995,1
8052,995,1
8053,999,1
8054,1002,1
8055,1001,1
8056,996,1
8057,996,1
8058,996,1
8059,1000,1
8060,1001,1
8061,1003,1
8062,1000,1
8063,998,1
8064,998,1
8065,1000,1
8066,1001,1
8067,1002,1
8068,1001,1
8069,997,1
8070,998,1
8071,999,1
8072,1003,1
8073,1003,1
8074,1001,1
8075,1000,1
8076,998,1
8077,1001,1
8078,1002,1
8079,1004,1
8080,1005,1
8081,1002,1
8082,999,1
8083,1002,1
8084,1001,1
8085,1005,1
8086,1002,1
8087,1000,1
8088,1000,1
8089,1003,1
8090,1004,1
8091,1004,1
8092,1003,1
8093,1001,1
8094,999,1
8095,1001,1
8096,1006,1
8097,1001,1
8098,1002,1
8099,997,1
8100,1001,1
8101,1002,1
8102,1005,1
8103,1005,1
8104,1002,1
8105,1000,1
8106,997,1
8107,999,1
8108,1004,1
8109,1005,1
8110,1003,1
8111,999,1
8112,997,1
8113,1003,1
8114,1004,1
8115,1004,1
8116,1000,1
8117,999,1
8118,999,1
8119,1001,1
8120,1005,1
8121,1003,1
8122,1003,1
8123,1000,1
8124,998,1
8125,1000,1
8126,1003,1
8127,1004,1
8128,1002,1
8129,1000,1
8130,1000,1
8131,1002,1
8132,1003,1
8133,1007,1
8134,1005,1
8135,1003,1
8136,1005,1
8137,1008,1
8138,1012,1
8139,1013,1
8140,1011,1
8141,1013,1
8142,1014,1
8143,1018,1
8144,1024,1
8145,1023,1
8146,1024,1
8147,1023,1
8148,1028,1
8149,1031,1
8150,1036,1
8151,1040,1
8152,1041,1
8153,1039,1
8154,1042,1
8155,1044,1
8156,1043,1
8157,1043,1
8158,1038,1
8159,1035,1
8160,1032,1
8161,1031,1
8162,1031,1
8163,1030,1
8164,1026,1
8165,1016,1
8166,1016,1
8167,1013,1
8168,1012,1
8169,1009,1
8170,1003,1
8171,999,1
8172,998,1
8173,999,1
8174,999,1
8175,999,1
8176,997,1
8177,993,1
8178,991,1
8179,995,1
8180,997,1
8181,995,1
8182,992,1
8183,995,1
8184,995,1
8185,995,1
8186,999,1
8187,1001,1
8188,1000,1
8189,998,1
8190,999,1
8191,1002,1
8192,1005,1
8193,1005,1
8194,1004,1
8195,1006,1
8196,1015,1
8197,1037,1
8198,1060,1
8199,1081,1
8200,1095,1
8201,1101,1
8202,1097,1
8203,1081,1
8204,1061,1
8205,1039,1
8206,1022,1
8207,1008,1
8208,1001,1
8209,998,1
8210,1003,1
8211,1002,1
8212,1000,1
8213,1000,1
8214,1000,1
8215,998,1
8216,1001,1
8217,1000,1
8218,998,1
8219,996,1
8220,995,1
8221,998,1
8222,1000,1
8223,999,1
8224,996,1
8225,994,1
8226,994,1
8227,997,1
8228,1001,1
8229,1000,1
8230,999,1
8231,998,1
8232,995,1
8233,999,1
8234,1003,1
8235,1002,1
8236,1002,1
8237,1002,1
8238,1000,1
8239,1002,1
8240,1006,1
8241,1004,1
8242,1003,1
8243,1000,1
8244,1000,1
8245,1001,1
8246,1006,1
8247,1007,1
8248,1006,1
8249,1006,1
8250,1004,1
8251,1007,1
8252,1009,1
8253,1010,1
8254,1007,1
8255,1004,1
8256,1005,1
8257,1006,1
8258,1008,1
8259,1009,1
8260,1007,1
8261,1002,1
8262,1007,1
8263,1007,1
8264,1012,1
8265,1007,1
8266,1010,1
8267,1005,1
8268,1006,1
8269,1008,1
8270,1011,1
8271,1011,1
8272,1010,1
8273,1009,1
8274,1008,1
8275,1011,1
8276,1010,1
8277,1010,1
8278,1010,1
8279,1011,1
8280,1009,1
8281,1011,1
8282,1012,1
8283,1012,1
8284,1013,1
8285,1009,1
8286,1008,1
8287,1009,1
8288,1009,1
8289,1013,1
8290,1006,1
8291,1003,1
8292,1000,1
8293,1002,1
8294,1007,1
8295,1006,1
8296,1005,1
8297,1001,1
8298,1001,1
8299,1000,1
8300,1004,1
8301,1002,1
8302,1000,1
8303,997,1
8304,997,1
8305,997,1
8306,999,1
8307,1000,1
8308,999,1
8309,995,1
8310,995,1
8311,995,1
8312,997,1
8313,1000,1
8314,997,1
8315,993,1
8316,993,1
8317,995,1
8318,997,1
8319,1000,1
8320,995,1
8321,994,1
8322,992,1
8323,994,1
8324,995,1
8325,994,1
8326,995,1
8327,992,1
8328,991,1
8329,994,1
8330,997,1
8331,996,1
8332,994,1
8333,993,1
8334,991,1
8335,992,1
8336,995,1
8337,997,1
8338,995,1
8339,991,1
8340,992,1
8341,993,1
8342,994,1
8343,993,1
8344,992,1
8345,988,1
8346,988,1
8347,991,1
8348,993,1
8349,991,1
8350,989,1
8351,989,1
8352,990,1
8353,991,1
8354,994,1
8355,992,1
8356,994,1
8357,991,1
8358,992,1
8359,994,1
8360,999,1
8361,1000,1
8362,997,1
8363,993,1
8364,992,1
8365,992,1
8366,998,1
8367,997,1
8368,997,1
8369,994,1
8370,995,1
8371,996,1
8372,995,1
8373,997,1
8374,996,1
8375,995,1
8376,993,1
8377,995,1
8378,998,1
8379,997,1
8380,996,1
8381,996,1
8382,990,1
8383,993,1
8384,997,1
8385,996,1
8386,997,1
8387,994,1
8388,991,1
8389,995,1
8390,997,1
8391,998,1
8392,996,1
8393,995,1
8394,996,1
8395,995,1
8396,998,1
8397,1000,1
8398,1002,1
8399,997,1
8400,996,1
8401,999,1
8402,1001,1
8403,1001,1
8404,1000,1
8405,999,1
8406,999,1
8407,1000,1
8408,1002,1
8409,1002,1
8410,998,1
8411,996,1
8412,996,1
8413,997,1
8414,1001,1
8415,1001,1
8416,1001,1
8417,999,1
8418,1000,1
8419,1000,1
8420,1004,1
8421,1002,1
8422,1002,1
8423,1000,1
8424,1001,1
8425,1002,1
8426,1007,1
8427,1010,1
8428,1010,1
8429,1009,1
8430,1010,1
8431,1015,1
8432,1021,1
8433,1023,1
8434,1025,1
8435,1028,1
8436,1030,1
8437,1035,1
8438,1036,1
8439,1038,1
8440,1037,1
8441,1031,1
8442,1029,1
8443,1026,1
8444,1028,1
8445,1025,1
8446,1021,1
8447,1015,1
8448,1013,1
8449,1009,1
8450,1006,1
8451,1002,1
8452,995,1
8453,992,1
8454,989,1
8455,992,1
8456,993,1
8457,995,1
8458,990,1
8459,988,1
8460,989,1
8461,991,1
8462,994,1
8463,992,1
8464,989,1
8465,990,1
8466,992,1
8467,993,1
8468,994,1
8469,996,1
8470,991,1
8471,992,1
8472,991,1
8473,990,1
8474,995,1
8475,1005,1
8476,1019,1
8477,1037,1
8478,1057,1
8479,1080,1
8480,1094,1
8481,1102,1
8482,1090,1
8483,1064,1
8484,1032,1
8485,1009,1
8486,998,1
8487,992,1
8488,993,1
8489,989,1
8490,990,1
8491,991,1
8492,992,1
8493,992,1
8494,987,1
8495,986,1
8496,984,1
8497,986,1
8498,987,1
8499,989,1
8500,985,1
8501,985,1
8502,985,1
8503,987,1
8504,990,1
8505,987,1
8506,987,1
8507,985,1
8508,984,1
8509,986,1
8510,987,1
8511,988,1
8512,987,1
8513,984,1
8514,986,1
8515,986,1
8516,988,1
8517,992,1
8518,988,1
8519,986,1
8520,986,1
8521,987,1
8522,987,1
8523,989,1
8524,987,1
8525,988,1
8526,986,1
8527,988,1
8528,990,1
8529,992,1
8530,989,1
8531,984,1
8532,985,1
8533,986,1
8534,991,1
8535,993,1
8536,988,1
8537,987,1
8538,986,1
8539,990,1
8540,989,1
8541,993,1
8542,990,1
8543,989,1
8544,988,1
8545,991,1
8546,994,1
8547,993,1
8548,993,1
8549,990,1
8550,989,1
8551,992,1
8552,993,1
8553,995,1
8554,991,1
8555,988,1
8556,990,1
8557,991,1
8558,992,1
8559,992,1
8560,992,1
8561,992,1
8562,988,1
8563,991,1
8564,994,1
8565,991,1
8566,986,1
8567,982,1
8568,982,1
8569,986,1
8570,986,1
8571,985,1
8572,982,1
8573,981,1
8574,976,1
8575,978,1
8576,982,1
8577,981,1
8578,981,1
8579,975,1
8580,976,1
8581,976,1
8582,980,1
8583,979,1
8584,979,1
8585,977,1
8586,977,1
8587,978,1
8588,980,1
8589,980,1
8590,977,1
8591,974,1
8592,970,1
8593,973,1
8594,977,1
8595,977,1
8596,975,1
8597,975,1
8598,971,1
8599,974,1
8600,977,1
8601,977,1
8602,974,1
8603,973,1
8604,971,1
8605,974,1
8606,976,1
8607,973,1
8608,972,1
8609,970,1
8610,970,1
8611,976,1
8612,976,1
8613,978,1
8614,976,1
8615,974,1
8616,975,1
8617,973,1
8618,978,1
8619,976,1
8620,975,1
8621,972,1
8622,972,1
8623,974,1
8624,979,1
8625,979,1
8626,975,1
8627,972,1
8628,969,1
8629,974,1
8630,975,1
8631,980,1
8632,974,1
8633,974,1
8634,973,1
8635,976,1
8636,978,1
8637,977,1
8638,977,1
8639,976,1
8640,976,1
8641,978,1
8642,979,1
8643,980,1
8644,979,1
8645,977,1
8646,977,1
8647,979,1
8648,981,1
8649,980,1
8650,980,1
8651,975,1
8652,979,1
8653,978,1
8654,981,1
8655,984,1
8656,980,1
8657,979,1
8658,977,1
8659,982,1
8660,980,1
8661,984,1
8662,982,1
8663,980,1
8664,980,1
8665,982,1
8666,985,1
8667,984,1
8668,982,1
8669,981,1
8670,982,1
8671,985,1
8672,987,1
8673,985,1
8674,986,1
8675,984,1
8676,983,1
8677,986,1
8678,989,1
8679,988,1
8680,989,1
8681,983,1
8682,983,1
8683,986,1
8684,989,1
8685,990,1
8686,986,1
8687,987,1
8688,984,1
8689,986,1
8690,990,1
8691,989,1
8692,987,1
8693,982,1
8694,983,1
8695,986,1
8696,990,1
8697,989,1
8698,988,1
8699,987,1
8700,987,1
8701,989,1
8702,991,1
8703,994,1
8704,991,1
8705,988,1
8706,989,1
8707,996,1
8708,1000,1
8709,1003,1
8710,1003,1
8711,1002,1
8712,1003,1
8713,1010,1
8714,1016,1
8715,1023,1
8716,1025,1
8717,1024,1
8718,1025,1
8719,1025,1
8720,1029,1
8721,1027,1
8722,1022,1
8723,1015,1
8724,1014,1
8725,1013,1
8726,1014,1
8727,1014,1
8728,1010,1
8729,1000,1
8730,996,1
8731,993,1
8732,990,1
8733,984,1
8734,979,1
8735,977,1
8736,977,1
8737,974,1
8738,977,1
8739,978,1
8740,975,1
8741,972,1
8742,973,1
8743,974,1
8744,975,1
8745,977,1
8746,974,1
8747,975,1
8748,974,1
8749,976,1
8750,980,1
8751,983,1
8752,977,1
8753,972,1
8754,974,1
8755,973,1
8756,973,1
8757,971,1
8758,977,1
8759,991,1
8760,1010,1
8761,1034,1
8762,1056,1
8763,1072,1
8764,1074,1
8765,1051,1
8766,1020,1
8767,993,1
8768,978,1
8769,973,1
8770,972,1
8771,968,1
8772,971,1
8773,971,1
8774,975,1
8775,972,1
8776,969,1
8777,966,1
8778,966,1
8779,967,1
8780,970,1
8781,966,1
8782,969,1
8783,965,1
8784,965,1
8785,965,1
8786,969,1
8787,970,1
8788,968,1
8789,966,1
8790,965,1
8791,967,1
8792,969,1
8793,971,1
8794,968,1
8795,961,1
8796,962,1
8797,961,1
8798,972,1
8799,972,1
8800,971,1
8801,966,1
8802,967,1
8803,972,1
8804,971,1
8805,972,1
8806,973,1
8807,971,1
8808,970,1
8809,972,1
8810,975,1
8811,976,1
8812,974,1
8813,967,1
8814,970,1
8815,973,1
8816,972,1
8817,974,1
8818,972,1
8819,968,1
8820,969,1
8821,972,1
8822,975,1
8823,977,1
8824,975,1
8825,970,1
8826,971,1
8827,972,1
8828,976,1
8829,977,1
8830,975,1
8831,972,1
8832,970,1
8833,976,1
8834,975,1
8835,975,1
8836,976,1
8837,973,1
8838,971,1
8839,974,1
8840,974,1
8841,976,1
8842,972,1
8843,970,1
8844,968,1
8845,967,1
8846,969,1
8847,970,1
8848,967,1
8849,964,1
8850,962,1
8851,963,1
8852,965,1
8853,964,1
8854,961,1
8855,959,1
8856,959,1
8857,960,1
8858,961,1
8859,963,1
8860,963,1
8861,960,1
8862,956,1
8863,960,1
8864,959,1
8865,961,1
8866,959,1
8867,958,1
8868,958,1
8869,960,1
8870,962,1
8871,961,1
8872,961,1
8873,959,1
8874,959,1
8875,958,1
8876,960,1
8877,959,1
8878,961,1
8879,954,1
8880,960,1
8881,963,1
8882,966,1
8883,965,1
8884,962,1
8885,958,1
8886,959,1
8887,963,1
8888,962,1
8889,964,1
8890,962,1
8891,960,1
8892,959,1
8893,961,1
8894,965,1
8895,965,1
8896,962,1
8897,959,1
8898,956,1
8899,960,1
8900,963,1
8901,963,1
8902,965,1
8903,959,1
8904,959,1
8905,961,1
8906,963,1
8907,964,1
8908,964,1
8909,961,1
8910,961,1
8911,963,1
8912,964,1
8913,964,1
8914,964,1
8915,962,1
8916,962,1
8917,964,1
8918,967,1
8919,967,1
8920,966,1
8921,964,1
8922,963,1
8923,963,1
8924,967,1
8925,968,1
8926,968,1
8927,964,1
8928,963,1
8929,965,1
8930,966,1
8931,972,1
8932,969,1
8933,966,1
8934,967,1
8935,966,1
8936,969,1
8937,971,1
8938,970,1
8939,967,1
8940,967,1
8941,970,1
8942,970,1
8943,973,1
8944,971,1
8945,968,1
8946,969,1
8947,969,1
8948,972,1
8949,973,1
8950,972,1
8951,968,1
8952,969,1
8953,970,1
8954,974,1
8955,973,1
8956,973,1
8957,971,1
8958,970,1
8959,972,1
8960,976,1
8961,975,1
8962,970,1
8963,969,1
8964,971,1
8965,973,1
8966,977,1
8967,973,1
8968,972,1
8969,971,1
8970,971,1
8971,974,1
8972,976,1
8973,975,1
8974,975,1
8975,972,1
8976,973,1
8977,978,1
8978,978,1
8979,978,1
8980,980,1
8981,976,1
8982,973,1
8983,976,1
8984,982,1
8985,981,1
8986,982,1
8987,982,1
8988,983,1
8989,983,1
8990,986,1
8991,989,1
8992,989,1
8993,990,1
8994,992,1
8995,998,1
8996,1004,1
8997,1009,1
8998,1010,1
8999,1012,1
9000,1014,1
9001,1020,1
9002,1020,1
9003,1023,1
9004,1020,1
9005,1016,1
9006,1012,1
9007,1010,1
9008,1010,1
9009,1011,1
9010,1010,1
9011,1005,1
9012,999,1
9013,996,1
9014,995,1
9015,992,1
9016,987,1
9017,981,1
9018,980,1
9019,980,1
9020,981,1
9021,983,1
9022,981,1
9023,978,1
9024,979,1
9025,979,1
9026,980,1
9027,982,1
9028,983,1
9029,980,1
9030,984,1
9031,985,1
9032,987,1
9033,986,1
9034,985,1
9035,982,1
9036,984,1
9037,982,1
9038,983,1
9039,984,1
9040,997,1
9041,1016,1
9042,1041,1
9043,1063,1
9044,1081,1
9045,1084,1
9046,1064,1
9047,1031,1
9048,1000,1
9049,988,1
9050,983,1
9051,987,1
9052,986,1
9053,987,1
9054,987,1
9055,989,1
9056,989,1
9057,989,1
9058,986,1
9059,983,1
9060,985,1
9061,987,1
9062,989,1
9063,988,1
9064,986,1
9065,987,1
9066,984,1
9067,987,1
9068,990,1
9069,991,1
9070,990,1
9071,987,1
9072,987,1
9073,990,1
9074,991,1
9075,991,1
9076,992,1
9077,990,1
9078,988,1
9079,992,1
9080,997,1
9081,995,1
9082,993,1
9083,992,1
9084,991,1
9085,995,1
9086,998,1
9087,998,1
9088,995,1
9089,996,1
9090,996,1
9091,996,1
9092,999,1
9093,1001,1
9094,998,1
9095,997,1
9096,998,1
9097,1001,1
9098,1003,1
9099,1003,1
9100,1002,1
9101,1000,1
9102,1001,1
9103,1001,1
9104,1006,1
9105,1005,1
9106,1002,1
9107,1001,1
9108,1001,1
9109,1002,1
9110,1004,1
9111,1005,1
9112,1004,1
9113,1001,1
9114,1002,1
9115,1003,1
9116,1007,1
9117,1006,1
9118,1003,1
9119,1000,1
9120,1003,1
9121,1003,1
9122,1002,1
9123,1002,1
9124,999,1
9125,996,1
9126,997,1
9127,996,1
9128,998,1
9129,995,1
9130,994,1
9131,994,1
9132,992,1
9133,994,1
9134,997,1
9135,997,1
9136,993,1
9137,991,1
9138,991,1
9139,992,1
9140,993,1
9141,997,1
9142,996,1
9143,992,1
9144,992,1
9145,993,1
9146,998,1
9147,996,1
9148,994,1
9149,993,1
9150,992,1
9151,995,1
9152,997,1
9153,999,1
9154,995,1
9155,993,1
9156,993,1
9157,992,1
9158,998,1
9159,997,1
9160,995,1
9161,992,1
9162,992,1
9163,994,1
9164,996,1
9165,997,1
9166,997,1
9167,993,1
9168,994,1
9169,993,1
9170,998,1
9171,999,1
9172,998,1
9173,996,1
9174,994,1
9175,996,1
9176,1001,1
9177,1000,1
9178,998,1
9179,994,1
9180,995,1
9181,999,1
9182,1000,1
9183,1001,1
9184,996,1
9185,995,1
9186,997,1
9187,1002,1
9188,1003,1
9189,1002,1
9190,1001,1
9191,1000,1
9192,999,1
9193,1001,1
9194,1002,1
9195,1001,1
9196,1003,1
9197,998,1
9198,999,1
9199,1002,1
9200,1004,1
9201,1002,1
9202,1001,1
9203,1001,1
9204,1000,1
9205,1000,1
9206,1006,1
9207,1006,1
9208,1005,1
9209,1001,1
9210,999,1
9211,1004,1
9212,1006,1
9213,1006,1
9214,1004,1
9215,1003,1
9216,1002,1
9217,1004,1
9218,1007,1
9219,1005,1
9220,1002,1
9221,1003,1
9222,1002,1
9223,1005,1
9224,1007,1
9225,1008,1
9226,1004,1
9227,1004,1
9228,1005,1
9229,1006,1
9230,1007,1
9231,1008,1
9232,1010,1
9233,1007,1
9234,1008,1
9235,1011,1
9236,1016,1
9237,1017,1
9238,1020,1
9239,1017,1
9240,1018,1
9241,1019,1
9242,1023,1
9243,1025,1
9244,1027,1
9245,1025,1
9246,1031,1
9247,1038,1
9248,1048,1
9249,1051,1
9250,1048,1
9251,1048,1
9252,1047,1
9253,1048,1
9254,1047,1
9255,1047,1
9256,1041,1
9257,1038,1
9258,1034,1
9259,1033,1
9260,1031,1
9261,1027,1
9262,1020,1
9263,1013,1
9264,1010,1
9265,1008,1
9266,1009,1
9267,1007,1
9268,1004,1
9269,999,1
9270,999,1
9271,1001,1
9272,1004,1
9273,1002,1
9274,1002,1
9275,999,1
9276,999,1
9277,1003,1
9278,1004,1
9279,1002,1
9280,1003,1
9281,1005,1
9282,1005,1
9283,1010,1
9284,1012,1
9285,1010,1
9286,1008,1
9287,1002,1
9288,1002,1
9289,1007,1
9290,1020,1
9291,1041,1
9292,1066,1
9293,1083,1
9294,1105,1
9295,1121,1
9296,1120,1
9297,1096,1
9298,1057,1
9299,1028,1
9300,1009,1
9301,1009,1
9302,1010,1
9303,1011,1
9304,1009,1
9305,1006,1
9306,1004,1
9307,1005,1
9308,1004,1
9309,1006,1
9310,1001,1
9311,1001,1
9312,1000,1
9313,1003,1
9314,1004,1
9315,1005,1
9316,1002,1
9317,999,1
9318,1002,1
9319,1002,1
9320,1005,1
9321,1006,1
9322,1005,1
9323,1001,1
9324,1002,1
9325,1004,1
9326,1006,1
9327,1006,1
9328,1006,1
9329,1002,1
9330,1001,1
9331,1001,1
9332,1005,1
9333,1005,1
9334,1006,1
9335,1001,1
9336,1004,1
9337,1006,1
9338,1009,1
9339,1009,1
9340,1008,1
9341,1004,1
9342,1004,1
9343,1005,1
9344,1008,1
9345,1009,1
9346,1010,1
9347,1005,1
9348,1005,1
9349,1007,1
9350,1011,1
9351,1009,1
9352,1009,1
9353,1006,1
9354,1007,1
9355,1008,1
9356,1010,1
9357,1010,1
9358,1010,1
9359,1006,1
9360,1006,1
9361,1007,1
9362,1010,1
9363,1011,1
9364,1008,1
9365,1007,1
9366,1008,1
9367,1010,1
9368,1012,1
9369,1014,1
9370,1010,1
9371,1008,1
9372,1010,1
9373,1011,1
9374,1010,1
9375,1011,1
9376,1007,1
9377,1007,1
9378,1007,1
9379,1009,1
9380,1009,1
9381,1007,1
9382,1005,1
9383,1004,1
9384,1004,1
9385,1004,1
9386,1005,1
9387,1005,1
9388,1000,1
9389,999,1
9390,999,1
9391,1001,1
9392,1001,1
9393,1002,1
9394,1001,1
9395,998,1
9396,996,1
9397,997,1
9398,996,1
9399,998,1
9400,995,1
9401,991,1
9402,991,1
9403,991,1
9404,994,1
9405,994,1
9406,990,1
9407,989,1
9408,988,1
9409,991,1
9410,994,1
9411,993,1
9412,992,1
9413,987,1
9414,986,1
9415,991,1
9416,992,1
9417,992,1
9418,991,1
9419,988,1
9420,987,1
9421,989,1
9422,992,1
9423,991,1
9424,991,1
9425,987,1
9426,986,1
9427,988,1
9428,990,1
9429,992,1
9430,990,1
9431,987,1
9432,987,1
9433,988,1
9434,991,1
9435,992,1
9436,989,1
9437,989,1
9438,987,1
9439,987,1
9440,992,1
9441,992,1
9442,992,1
9443,989,1
9444,988,1
9445,988,1
9446,991,1
9447,992,1
9448,989,1
9449,985,1
9450,986,1
9451,986,1
9452,990,1
9453,991,1
9454,988,1
9455,989,1
9456,989,1
9457,991,1
9458,993,1
9459,993,1
9460,991,1
9461,988,1
9462,987,1
9463,990,1
9464,989,1
9465,993,1
9466,991,1
9467,991,1
9468,989,1
9469,991,1
9470,994,1
9471,992,1
9472,990,1
9473,987,1
9474,987,1
9475,991,1
9476,993,1
9477,993,1
9478,990,1
9479,988,1
9480,988,1
9481,993,1
9482,996,1
9483,995,1
9484,992,1
9485,990,1
9486,989,1
9487,989,1
9488,996,1
9489,994,1
9490,991,1
9491,990,1
9492,993,1
9493,991,1
9494,996,1
9495,997,1
9496,993,1
9497,991,1
9498,989,1
9499,990,1
9500,996,1
9501,995,1
9502,991,1
9503,990,1
9504,990,1
9505,991,1
9506,992,1
9507,992,1
9508,992,1
9509,990,1
9510,990,1
9511,990,1
9512,995,1
9513,997,1
9514,994,1
9515,991,1
9516,989,1
9517,988,1
9518,991,1
9519,994,1
9520,994,1
9521,990,1
9522,991,1
9523,993,1
9524,994,1
9525,991,1
9526,991,1
9527,991,1
9528,990,1
9529,990,1
9530,993,1
9531,993,1
9532,991,1
9533,989,1
9534,988,1
9535,991,1
9536,992,1
9537,993,1
9538,993,1
9539,990,1
9540,992,1
9541,993,1
9542,998,1
9543,997,1
9544,996,1
9545,992,1
9546,991,1
9547,996,1
9548,997,1
9549,998,1
9550,996,1
9551,993,1
9552,995,1
9553,999,1
9554,1001,1
9555,1004,1
9556,1003,1
9557,1000,1
9558,999,1
9559,1004,1
9560,1006,1
9561,1008,1
9562,1005,1
9563,1000,1
9564,999,1
9565,996,1
9566,996,1
9567,997,1
9568,994,1
9569,993,1
9570,992,1
9571,995,1
9572,996,1
9573,993,1
9574,985,1
9575,979,1
9576,979,1
9577,980,1
9578,979,1
9579,978,1
9580,981,1
9581,978,1
9582,975,1
9583,978,1
9584,980,1
9585,983,1
9586,980,1
9587,981,1
9588,975,1
9589,979,1
9590,981,1
9591,983,1
9592,980,1
9593,982,1
9594,981,1
9595,984,1
9596,986,1
9597,982,1
9598,980,1
9599,980,1
9600,989,1
9601,1002,1
9602,1027,1
9603,1050,1
9604,1070,1
9605,1080,1
9606,1080,1
9607,1063,1
9608,1034,1
9609,1002,1
9610,979,1
9611,972,1
9612,969,1
9613,973,1
9614,977,1
9615,976,1
9616,973,1
9617,970,1
9618,971,1
9619,971,1
9620,970,1
9621,970,1
9622,967,1
9623,962,1
9624,964,1
9625,966,1
9626,968,1
9627,968,1
9628,968,1
9629,962,1
9630,964,1
9631,967,1
9632,971,1
9633,970,1
9634,967,1
9635,964,1
9636,962,1
9637,966,1
9638,969,1
9639,969,1
9640,966,1
9641,962,1
9642,966,1
9643,965,1
9644,966,1
9645,966,1
9646,966,1
9647,963,1
9648,965,1
9649,967,1
9650,968,1
9651,969,1
9652,965,1
9653,962,1
9654,963,1
9655,963,1
9656,965,1
9657,966,1
9658,964,1
9659,963,1
9660,961,1
9661,965,1
9662,965,1
9663,963,1
9664,960,1
9665,961,1
9666,962,1
9667,962,1
9668,966,1
9669,966,1
9670,962,1
9671,960,1
9672,961,1
9673,964,1
9674,966,1
9675,965,1
9676,962,1
9677,961,1
9678,962,1
9679,962,1
9680,965,1
9681,967,1
9682,965,1
9683,960,1
9684,960,1
9685,962,1
9686,964,1
9687,966,1
9688,962,1
9689,961,1
9690,958,1
9691,962,1
9692,960,1
9693,957,1
9694,960,1
9695,958,1
9696,955,1
9697,956,1
9698,959,1
9699,957,1
9700,953,1
9701,947,1
9702,948,1
9703,951,1
9704,950,1
9705,947,1
9706,947,1
9707,943,1
9708,945,1
9709,949,1
9710,951,1
9711,952,1
9712,948,1
9713,945,1
9714,945,1
9715,946,1
9716,947,1
9717,946,1
9718,945,1
9719,943,1
9720,941,1
9721,942,1
9722,945,1
9723,944,1
9724,942,1
9725,939,1
9726,936,1
9727,941,1
9728,943,1
9729,942,1
9730,940,1
9731,938,1
9732,937,1
9733,943,1
9734,944,1
9735,943,1
9736,940,1
9737,939,1
9738,938,1
9739,938,1
9740,943,1
9741,942,1
9742,940,1
9743,936,1
9744,939,1
9745,939,1
9746,942,1
9747,943,1
9748,939,1
9749,939,1
9750,940,1
9751,942,1
9752,944,1
9753,943,1
9754,941,1
9755,936,1
9756,939,1
9757,941,1
9758,946,1
9759,943,1
9760,942,1
9761,940,1
9762,939,1
9763,938,1
9764,940,1
9765,944,1
9766,943,1
9767,942,1
9768,940,1
9769,942,1
9770,945,1
9771,944,1
9772,942,1
9773,940,1
9774,938,1
9775,941,1
9776,943,1
9777,947,1
9778,941,1
9779,937,1
9780,940,1
9781,943,1
9782,943,1
9783,944,1
9784,943,1
9785,938,1
9786,937,1
9787,941,1
9788,942,1
9789,944,1
9790,941,1
9791,940,1
9792,942,1
9793,942,1
9794,941,1
9795,943,1
9796,941,1
9797,940,1
9798,944,1
9799,943,1
9800,947,1
9801,947,1
9802,946,1
9803,941,1
9804,942,1
9805,944,1
9806,946,1
9807,944,1
9808,943,1
9809,940,1
9810,943,1
9811,942,1
9812,947,1
9813,945,1
9814,943,1
9815,938,1
9816,940,1
9817,940,1
9818,943,1
9819,943,1
9820,941,1
9821,938,1
9822,940,1
9823,946,1
9824,947,1
9825,947,1
9826,942,1
9827,942,1
9828,942,1
9829,942,1
9830,944,1
9831,946,1
9832,943,1
9833,939,1
9834,941,1
9835,943,1
9836,948,1
9837,947,1
9838,946,1
9839,945,1
9840,944,1
9841,944,1
9842,946,1
9843,946,1
9844,945,1
9845,941,1
9846,944,1
9847,944,1
9848,949,1
9849,948,1
9850,948,1
9851,946,1
9852,945,1
9853,948,1
9854,946,1
9855,949,1
9856,946,1
9857,947,1
9858,946,1
9859,949,1
9860,953,1
9861,956,1
9862,954,1
9863,952,1
9864,953,1
9865,954,1
9866,958,1
9867,960,1
9868,963,1
9869,963,1
9870,962,1
9871,964,1
9872,969,1
9873,965,1
9874,962,1
9875,957,1
9876,958,1
9877,953,1
9878,956,1
9879,955,1
9880,955,1
9881,954,1
9882,953,1
9883,953,1
9884,955,1
9885,949,1
9886,947,1
9887,944,1
9888,943,1
9889,943,1
9890,944,1
9891,944,1
9892,940,1
9893,938,1
9894,937,1
9895,942,1
9896,945,1
9897,944,1
9898,945,1
9899,944,1
9900,943,1
9901,944,1
9902,951,1
9903,949,1
9904,950,1
9905,948,1
9906,948,1
9907,949,1
9908,952,1
9909,947,1
9910,938,1
9911,936,1
9912,938,1
9913,953,1
9914,974,1
9915,994,1
9916,1014,1
9917,1028,1
9918,1033,1
9919,1023,1
9920,995,1
9921,967,1
9922,947,1
9923,937,1
9924,935,1
9925,939,1
9926,949,1
9927,950,1
9928,953,1
9929,950,1
9930,950,1
9931,953,1
9932,954,1
9933,955,1
9934,951,1
9935,951,1
9936,952,1
9937,952,1
9938,953,1
9939,955,1
9940,951,1
9941,950,1
9942,950,1
9943,954,1
9944,955,1
9945,954,1
9946,953,1
9947,953,1
9948,949,1
9949,951,1
9950,955,1
9951,955,1
9952,954,1
9953,952,1
9954,954,1
9955,955,1
9956,958,1
9957,958,1
9958,956,1
9959,954,1
9960,952,1
9961,954,1
9962,959,1
9963,958,1
9964,957,1
9965,953,1
9966,957,1
9967,958,1
9968,961,1
9969,958,1
9970,959,1
9971,955,1
9972,958,1
9973,960,1
9974,962,1
9975,962,1
9976,960,1
9977,957,1
9978,959,1
9979,956,1
9980,960,1
9981,962,1
9982,960,1
9983,960,1
9984,957,1
9985,958,1
9986,962,1
9987,963,1
9988,963,1
9989,961,1
9990,961,1
9991,963,1
9992,965,1
9993,963,1
9994,963,1
9995,961,1
9996,960,1
9997,961,1
9998,962,1
9999,966,1
10000,961,1
10001,959,1
10002,958,1
10003,960,1
10004,960,1
10005,961,1
10006,958,1
10007,956,1
10008,955,1
10009,957,1
10010,959,1
10011,959,1
10012,953,1
10013,954,1
10014,950,1
10015,953,1
10016,956,1
10017,955,1
10018,952,1
10019,947,1
10020,947,1
10021,954,1
10022,957,1
10023,956,1
10024,954,1
10025,951,1
10026,953,1
10027,956,1
10028,959,1
10029,957,1
10030,954,1
10031,951,1
10032,951,1
10033,955,1
10034,958,1
10035,957,1
10036,955,1
10037,951,1
10038,951,1
10039,957,1
10040,958,1
10041,960,1
10042,956,1
10043,952,1
10044,950,1
10045,957,1
10046,960,1
10047,959,1
10048,955,1
10049,954,1
10050,954,1
10051,957,1
10052,961,1
10053,962,1
10054,960,1
10055,956,1
10056,956,1
10057,959,1
10058,959,1
10059,963,1
10060,960,1
10061,958,1
10062,957,1
10063,960,1
10064,962,1
10065,962,1
10066,961,1
10067,960,1
10068,961,1
10069,963,1
10070,964,1
10071,965,1
10072,963,1
10073,963,1
10074,961,1
10075,966,1
10076,967,1
10077,966,1
10078,967,1
10079,966,1
10080,966,1
10081,967,1
10082,969,1
10083,968,1
10084,967,1
10085,968,1
10086,966,1
10087,969,1
10088,971,1
10089,972,1
10090,968,1
10091,965,1
10092,967,1
10093,969,1
10094,972,1
10095,970,1
10096,973,1
10097,969,1
10098,966,1
10099,966,1
10100,975,1
10101,971,1
10102,969,1
10103,970,1
10104,970,1
10105,972,1
10106,975,1
10107,975,1
10108,973,1
10109,971,1
10110,971,1
10111,974,1
10112,975,1
10113,975,1
10114,975,1
10115,972,1
10116,972,1
10117,976,1
10118,980,1
10119,980,1
10120,978,1
10121,975,1
10122,974,1
10123,979,1
10124,980,1
10125,979,1
10126,981,1
10127,974,1
10128,977,1
10129,981,1
10130,983,1
10131,981,1
10132,981,1
10133,981,1
10134,986,1
10135,989,1
10136,992,1
10137,995,1
10138,993,1
10139,990,1
10140,993,1
10141,999,1
10142,1004,1
10143,1002,1
10144,1005,1
10145,1006,1
10146,1010,1
10147,1013,1
10148,1018,1
10149,1017,1
10150,1017,1
10151,1015,1
10152,1013,1
10153,1014,1
10154,1012,1
10155,1013,1
10156,1007,1
10157,1004,1
10158,998,1
10159,999,1
10160,997,1
10161,993,1
10162,989,1
10163,984,1
10164,981,1
10165,981,1
10166,984,1
10167,981,1
10168,977,1
10169,975,1
10170,976,1
10171,975,1
10172,981,1
10173,980,1
10174,977,1
10175,977,1
10176,977,1
10177,979,1
10178,981,1
10179,982,1
10180,980,1
10181,979,1
10182,980,1
10183,983,1
10184,989,1
10185,987,1
10186,985,1
10187,983,1
10188,982,1
10189,985,1
10190,992,1
10191,1002,1
10192,1014,1
10193,1035,1
10194,1065,1
10195,1090,1
10196,1108,1
10197,1114,1
10198,1107,1
10199,1086,1
10200,1056,1
10201,1025,1
10202,1003,1
10203,989,1
10204,983,1
10205,982,1
10206,983,1
10207,986,1
10208,987,1
10209,988,1
10210,985,1
10211,982,1
10212,980,1
10213,984,1
10214,987,1
10215,987,1
10216,985,1
10217,981,1
10218,978,1
10219,985,1
10220,987,1
10221,983,1
10222,984,1
10223,980,1
10224,981,1
10225,983,1
10226,988,1
10227,986,1
10228,985,1
10229,982,1
10230,984,1
10231,985,1
10232,988,1
10233,988,1
10234,985,1
10235,985,1
10236,986,1
10237,986,1
10238,989,1
10239,986,1
10240,988,1
10241,985,1
10242,988,1
10243,989,1
10244,993,1
10245,992,1
10246,989,1
10247,988,1
10248,987,1
10249,991,1
10250,990,1
10251,990,1
10252,990,1
10253,989,1
10254,991,1
10255,992,1
10256,997,1
10257,994,1
10258,993,1
10259,990,1
10260,992,1
10261,994,1
10262,997,1
10263,996,1
10264,995,1
10265,990,1
10266,994,1
10267,998,1
10268,1001,1
10269,1002,1
10270,999,1
10271,996,1
10272,1001,1
10273,1001,1
10274,1003,1
10275,1002,1
10276,1000,1
10277,998,1
10278,997,1
10279,1000,1
10280,1001,1
10281,999,1
10282,999,1
10283,995,1
10284,995,1
10285,997,1
10286,999,1
10287,995,1
10288,995,1
10289,992,1
10290,990,1
10291,991,1
10292,994,1
10293,993,1
10294,990,1
10295,988,1
10296,988,1
10297,989,1
10298,992,1
10299,992,1
10300,993,1
10301,987,1
10302,987,1
10303,988,1
10304,990,1
10305,990,1
10306,987,1
10307,986,1
10308,981,1
10309,985,1
10310,990,1
10311,987,1
10312,987,1
10313,983,1
10314,982,1
10315,983,1
10316,983,1
10317,987,1
10318,986,1
10319,983,1
10320,981,1
10321,984,1
10322,986,1
10323,985,1
10324,984,1
10325,985,1
10326,981,1
10327,984,1
10328,986,1
10329,987,1
10330,985,1
10331,981,1
10332,983,1
10333,984,1
10334,986,1
10335,988,1
10336,984,1
10337,982,1
10338,981,1
10339,983,1
10340,988,1
10341,987,1
10342,987,1
10343,983,1
10344,984,1
10345,989,1
10346,990,1
10347,989,1
10348,988,1
10349,986,1
10350,988,1
10351,988,1
10352,992,1
10353,992,1
10354,990,1
10355,990,1
10356,987,1
10357,991,1
10358,993,1
10359,992,1
10360,986,1
10361,985,1
10362,983,1
10363,986,1
10364,992,1
10365,992,1
10366,988,1
10367,988,1
10368,988,1
10369,994,1
10370,995,1
10371,995,1
10372,991,1
10373,990,1
10374,989,1
10375,993,1
10376,995,1
10377,996,1
10378,993,1
10379,992,1
10380,990,1
10381,994,1
10382,996,1
10383,995,1
10384,994,1
10385,993,1
10386,992,1
10387,995,1
10388,997,1
10389,998,1
10390,995,1
10391,990,1
10392,990,1
10393,993,1
10394,998,1
10395,998,1
10396,995,1
10397,992,1
10398,993,1
10399,996,1
10400,999,1
10401,996,1
10402,996,1
10403,994,1
10404,995,1
10405,998,1
10406,1000,1
10407,999,1
10408,997,1
10409,995,1
10410,995,1
10411,998,1
10412,1001,1
10413,999,1
10414,995,1
10415,994,1
10416,993,1
10417,998,1
10418,1001,1
10419,999,1
10420,997,1
10421,996,1
10422,994,1
10423,996,1
10424,997,1
10425,1001,1
10426,999,1
10427,997,1
10428,996,1
10429,998,1
10430,1000,1
10431,999,1
10432,999,1
10433,996,1
10434,997,1
10435,997,1
10436,1000,1
10437,1002,1
10438,1000,1
10439,998,1
10440,995,1
10441,998,1
10442,1003,1
10443,999,1
10444,1000,1
10445,1000,1
10446,1000,1
10447,1001,1
10448,1003,1
10449,1003,1
10450,1003,1
10451,1000,1
10452,999,1
10453,1002,1
10454,1004,1
10455,1004,1
10456,1004,1
10457,1001,1
10458,1002,1
10459,1003,1
10460,1006,1
10461,1011,1
10462,1009,1
10463,1007,1
10464,1007,1
10465,1013,1
10466,1018,1
10467,1018,1
10468,1018,1
10469,1019,1
10470,1019,1
10471,1022,1
10472,1023,1
10473,1021,1
10474,1016,1
10475,1011,1
10476,1009,1
10477,1011,1
10478,1011,1
10479,1012,1
10480,1012,1
10481,1009,1
10482,1005,1
10483,1003,1
10484,1004,1
10485,1001,1
10486,997,1
10487,995,1
10488,996,1
10489,995,1
10490,995,1
10491,1000,1
10492,997,1
10493,997,1
10494,998,1
10495,999,1
10496,1003,1
10497,1004,1
10498,1001,1
10499,1002,1
10500,1003,1
10501,1005,1
10502,1010,1
10503,1008,1
10504,1004,1
10505,1006,1
10506,1005,1
10507,1004,1
10508,1008,1
10509,1010,1
10510,1015,1
10511,1028,1
10512,1045,1
10513,1068,1
10514,1091,1
10515,1108,1
10516,1119,1
10517,1116,1
10518,1089,1
10519,1055,1
10520,1027,1
10521,1010,1
10522,1003,1
10523,1004,1
10524,1007,1
10525,1012,1
10526,1013,1
10527,1011,1
10528,1008,1
10529,1003,1
10530,1002,1
10531,1004,1
10532,1008,1
10533,1007,1
10534,1002,1
10535,1003,1
10536,1001,1
10537,1007,1
10538,1008,1
10539,1009,1
10540,1006,1
10541,1006,1
10542,1006,1
10543,1008,1
10544,1010,1
10545,1010,1
10546,1007,1
10547,1005,1
10548,1003,1
10549,1008,1
10550,1011,1
10551,1009,1
10552,1007,1
10553,1002,1
10554,1004,1
10555,1006,1
10556,1010,1
10557,1010,1
10558,1007,1
10559,1004,1
10560,1002,1
10561,1004,1
10562,1007,1
10563,1009,1
10564,1007,1
10565,1005,1
10566,1006,1
10567,1007,1
10568,1011,1
10569,1010,1
10570,1003,1
10571,1001,1
10572,1003,1
10573,1006,1
10574,1007,1
10575,1009,1
10576,1005,1
10577,1005,1
10578,1005,1
10579,1006,1
10580,1010,1
10581,1007,1
10582,1008,1
10583,1004,1
10584,1007,1
10585,1008,1
10586,1011,1
10587,1011,1
10588,1008,1
10589,1006,1
10590,1007,1
10591,1008,1
10592,1012,1
10593,1008,1
10594,1008,1
10595,1006,1
10596,1004,1
10597,1008,1
10598,1008,1
10599,1008,1
10600,1002,1
10601,999,1
10602,1000,1
10603,1001,1
10604,1003,1
10605,1002,1
10606,998,1
10607,995,1
10608,994,1
10609,993,1
10610,996,1
10611,997,1
10612,993,1
10613,989,1
10614,989,1
10615,990,1
10616,993,1
10617,992,1
10618,990,1
10619,985,1
10620,986,1
10621,988,1
10622,989,1
10623,987,1
10624,984,1
10625,982,1
10626,983,1
10627,985,1
10628,988,1
10629,985,1
10630,982,1
10631,983,1
10632,984,1
10633,985,1
10634,987,1
10635,988,1
10636,981,1
10637,979,1
10638,981,1
10639,983,1
10640,984,1
10641,985,1
10642,979,1
10643,978,1
10644,977,1
10645,980,1
10646,981,1
10647,983,1
10648,981,1
10649,979,1
10650,979,1
10651,979,1
10652,985,1
10653,985,1
10654,983,1
10655,980,1
10656,979,1
10657,983,1
10658,987,1
10659,986,1
10660,985,1
10661,982,1
10662,983,1
10663,986,1
10664,989,1
10665,986,1
10666,983,1
10667,982,1
10668,982,1
10669,985,1
10670,990,1
10671,988,1
10672,986,1
10673,984,1
10674,985,1
10675,987,1
10676,989,1
10677,987,1
10678,987,1
10679,986,1
10680,987,1
10681,987,1
10682,992,1
10683,990,1
10684,987,1
10685,985,1
10686,986,1
10687,989,1
10688,992,1
10689,990,1
10690,988,1
10691,988,1
10692,988,1
10693,992,1
10694,994,1
10695,992,1
10696,988,1
10697,985,1
10698,985,1
10699,988,1
10700,993,1
10701,992,1
10702,990,1
10703,986,1
10704,988,1
10705,992,1
10706,995,1
10707,993,1
10708,990,1
10709,989,1
10710,989,1
10711,992,1
10712,994,1
10713,995,1
10714,992,1
10715,989,1
10716,991,1
10717,995,1
10718,998,1
10719,995,1
10720,994,1
10721,993,1
10722,995,1
10723,996,1
10724,999,1
10725,1000,1
10726,1001,1
10727,1001,1
10728,1004,1
10729,1004,1
10730,1009,1
10731,1009,1
10732,1010,1
10733,1015,1
10734,1022,1
10735,1026,1
10736,1029,1
10737,1035,1
10738,1033,1
10739,1029,1
10740,1029,1
10741,1029,1
10742,1032,1
10743,1028,1
10744,1026,1
10745,1022,1
10746,1020,1
10747,1017,1
10748,1015,1
10749,1011,1
10750,1003,1
10751,998,1
10752,993,1
10753,993,1
10754,993,1
10755,993,1
10756,988,1
10757,983,1
10758,985,1
10759,986,1
10760,988,1
10761,987,1
10762,984,1
10763,986,1
10764,988,1
10765,990,1
10766,991,1
10767,989,1
10768,989,1
10769,987,1
10770,989,1
10771,989,1
10772,992,1
10773,993,1
10774,990,1
10775,981,1
10776,976,1
10777,980,1
10778,994,1
10779,1014,1
10780,1032,1
10781,1054,1
10782,1072,1
10783,1080,1
10784,1079,1
10785,1049,1
10786,1012,1
10787,985,1
10788,976,1
10789,977,1
10790,984,1
10791,992,1
10792,993,1
10793,988,1
10794,990,1
10795,987,1
10796,989,1
10797,991,1
10798,990,1
10799,987,1
10800,988,1
10801,990,1
10802,990,1
10803,988,1
10804,986,1
10805,987,1
10806,990,1
10807,992,1
10808,995,1
10809,995,1
10810,992,1
10811,988,1
10812,988,1
10813,991,1
10814,991,1
10815,990,1
10816,992,1
10817,990,1
10818,991,1
10819,994,1
10820,994,1
10821,995,1
10822,991,1
10823,993,1
10824,990,1
10825,995,1
10826,998,1
10827,994,1
10828,992,1
10829,992,1
10830,995,1
10831,998,1
10832,996,1
10833,998,1
10834,994,1
10835,990,1
10836,992,1
10837,991,1
10838,995,1
10839,996,1
10840,992,1
10841,993,1
10842,993,1
10843,995,1
10844,999,1
10845,996,1
10846,995,1
10847,991,1
10848,992,1
10849,996,1
10850,997,1
10851,995,1
10852,996,1
10853,992,1
10854,991,1
10855,992,1
10856,994,1
10857,993,1
10858,994,1
10859,993,1
10860,994,1
10861,994,1
10862,996,1
10863,995,1
10864,992,1
10865,986,1
10866,988,1
10867,988,1
10868,987,1
10869,983,1
10870,983,1
10871,983,1
10872,984,1
10873,985,1
10874,984,1
10875,984,1
10876,981,1
10877,978,1
10878,980,1
10879,981,1
10880,984,1
10881,984,1
10882,982,1
10883,977,1
10884,979,1
10885,981,1
10886,983,1
10887,979,1
10888,979,1
10889,976,1
10890,978,1
10891,981,1
10892,984,1
10893,981,1
10894,979,1
10895,977,1
10896,978,1
10897,980,1
10898,983,1
10899,981,1
10900,978,1
10901,977,1
10902,977,1
10903,980,1
10904,983,1
10905,979,1
10906,979,1
10907,976,1
10908,977,1
10909,981,1
10910,984,1
10911,984,1
10912,981,1
10913,978,1
10914,981,1
10915,981,1
10916,987,1
10917,986,1
10918,983,1
10919,981,1
10920,981,1
10921,984,1
10922,985,1
10923,984,1
10924,980,1
10925,982,1
10926,982,1
10927,984,1
10928,988,1
10929,987,1
10930,985,1
10931,984,1
10932,984,1
10933,987,1
10934,990,1
10935,989,1
10936,987,1
10937,984,1
10938,984,1
10939,986,1
10940,990,1
10941,989,1
10942,988,1
10943,985,1
10944,986,1
10945,988,1
10946,992,1
10947,992,1
10948,992,1
10949,987,1
10950,988,1
10951,993,1
10952,994,1
10953,993,1
10954,991,1
10955,988,1
10956,990,1
10957,993,1
10958,992,1
10959,991,1
10960,990,1
10961,987,1
10962,989,1
10963,994,1
10964,996,1
10965,996,1
10966,994,1
10967,992,1
10968,987,1
10969,992,1
10970,991,1
10971,988,1
10972,991,1
10973,990,1
10974,987,1
10975,995,1
10976,997,1
10977,994,1
10978,994,1
10979,990,1
10980,989,1
10981,992,1
10982,994,1
10983,995,1
10984,992,1
10985,991,1
10986,991,1
10987,995,1
10988,996,1
10989,995,1
10990,993,1
10991,991,1
10992,994,1
10993,994,1
10994,998,1
10995,997,1
10996,997,1
10997,995,1
10998,995,1
10999,996,1
11000,999,1
11001,996,1
11002,997,1
11003,995,1
11004,994,1
11005,998,1
11006,1000,1
11007,999,1
11008,998,1
11009,997,1
11010,998,1
11011,1002,1
11012,1003,1
11013,1003,1
11014,1007,1
11015,1005,1
11016,1009,1
11017,1010,1
11018,1015,1
11019,1015,1
11020,1015,1
11021,1018,1
11022,1019,1
11023,1026,1
11024,1031,1
11025,1034,1
11026,1034,1
11027,1034,1
11028,1040,1
11029,1043,1
11030,1043,1
11031,1042,1
11032,1040,1
11033,1034,1
11034,1033,1
11035,1030,1
11036,1028,1
11037,1027,1
11038,1025,1
11039,1023,1
11040,1016,1
11041,1015,1
11042,1013,1
11043,1006,1
11044,1002,1
11045,996,1
11046,997,1
11047,998,1
11048,998,1
11049,997,1
11050,995,1
11051,994,1
11052,994,1
11053,999,1
11054,998,1
11055,997,1
11056,994,1
11057,994,1
11058,998,1
11059,1001,1
11060,1005,1
11061,1003,1
11062,1003,1
11063,1002,1
11064,1004,1
11065,1007,1
11066,1009,1
11067,1011,1
11068,1014,1
11069,1030,1
11070,1055,1
11071,1083,1
11072,1111,1
11073,1129,1
11074,1132,1
11075,1117,1
11076,1087,1
11077,1052,1
11078,1028,1
11079,1013,1
11080,1005,1
11081,1003,1
11082,1001,1
11083,1005,1
11084,1002,1
11085,1002,1
11086,998,1
11087,995,1
11088,998,1
11089,998,1
11090,1003,1
11091,999,1
11092,997,1
11093,997,1
11094,997,1
11095,999,1
11096,1001,1
11097,1002,1
11098,998,1
11099,999,1
11100,997,1
11101,998,1
11102,1002,1
11103,1001,1
11104,999,1
11105,999,1
11106,999,1
11107,1001,1
11108,1003,1
11109,1005,1
11110,1002,1
11111,999,1
11112,1001,1
11113,1002,1
11114,1003,1
11115,1006,1
11116,1004,1
11117,1001,1
11118,999,1
11119,1004,1
11120,1008,1
11121,1007,1
11122,1005,1
11123,1004,1
11124,1001,1
11125,1004,1
11126,1005,1
11127,1006,1
11128,1004,1
11129,1000,1
11130,998,1
11131,1005,1
11132,1008,1
11133,1008,1
11134,1005,1
11135,1003,1
11136,1003,1
11137,1005,1
11138,1013,1
11139,1012,1
11140,1007,1
11141,1003,1
11142,1005,1
11143,1008,1
11144,1011,1
11145,1010,1
11146,1010,1
11147,1008,1
11148,1009,1
11149,1011,1
11150,1014,1
11151,1011,1
11152,1010,1
11153,1007,1
11154,1008,1
11155,1011,1
11156,1012,1
11157,1008,1
11158,1005,1
11159,1004,1
11160,1005,1
11161,1007,1
11162,1008,1
11163,1007,1
11164,1005,1
11165,1000,1
11166,999,1
11167,1002,1
11168,1000,1
11169,1001,1
11170,999,1
11171,999,1
11172,993,1
11173,997,1
11174,998,1
11175,996,1
11176,994,1
11177,989,1
11178,987,1
11179,991,1
11180,994,1
11181,992,1
11182,990,1
11183,989,1
11184,990,1
11185,990,1
11186,994,1
11187,992,1
11188,991,1
11189,987,1
11190,988,1
11191,989,1
11192,991,1
11193,987,1
11194,986,1
11195,985,1
11196,983,1
11197,984,1
11198,988,1
11199,990,1
11200,984,1
11201,983,1
11202,985,1
11203,986,1
11204,987,1
11205,987,1
11206,988,1
11207,985,1
11208,985,1
11209,986,1
11210,989,1
11211,986,1
11212,984,1
11213,982,1
11214,984,1
11215,987,1
11216,989,1
11217,987,1
11218,985,1
11219,980,1
11220,986,1
11221,989,1
11222,988,1
11223,988,1
11224,983,1
11225,981,1
11226,983,1
11227,985,1
11228,987,1
11229,987,1
11230,986,1
11231,982,1
11232,985,1
11233,987,1
11234,991,1
11235,991,1
11236,985,1
11237,985,1
11238,987,1
11239,988,1
11240,990,1
11241,989,1
11242,986,1
11243,983,1
11244,983,1
11245,990,1
11246,990,1
11247,991,1
11248,989,1
11249,986,1
11250,988,1
11251,989,1
11252,992,1
11253,993,1
11254,990,1
11255,991,1
11256,990,1
11257,992,1
11258,993,1
11259,991,1
11260,989,1
11261,987,1
11262,989,1
11263,989,1
11264,992,1
11265,992,1
11266,989,1
11267,986,1
11268,990,1
11269,993,1
11270,994,1
11271,994,1
11272,989,1
11273,988,1
11274,989,1
11275,987,1
11276,993,1
11277,989,1
11278,986,1
11279,982,1
11280,987,1
11281,989,1
11282,990,1
11283,990,1
11284,991,1
11285,988,1
11286,990,1
11287,991,1
11288,994,1
11289,992,1
11290,988,1
11291,989,1
11292,992,1
11293,995,1
11294,998,1
11295,998,1
11296,995,1
11297,993,1
11298,995,1
11299,999,1
11300,1002,1
11301,1003,1
11302,1004,1
11303,1003,1
11304,1005,1
11305,1012,1
11306,1017,1
11307,1022,1
11308,1025,1
11309,1024,1
11310,1026,1
11311,1027,1
11312,1030,1
11313,1031,1
11314,1030,1
11315,1024,1
11316,1020,1
11317,1023,1
11318,1023,1
11319,1019,1
11320,1014,1
11321,1008,1
11322,1003,1
11323,1002,1
11324,998,1
11325,992,1
11326,988,1
11327,980,1
11328,983,1
11329,983,1
11330,982,1
11331,985,1
11332,979,1
11333,976,1
11334,981,1
11335,982,1
11336,982,1
11337,982,1
11338,979,1
11339,978,1
11340,980,1
11341,982,1
11342,983,1
11343,983,1
11344,982,1
11345,981,1
11346,981,1
11347,984,1
11348,983,1
11349,979,1
11350,977,1
11351,973,1
11352,981,1
11353,998,1
11354,1018,1
11355,1043,1
11356,1061,1
11357,1071,1
11358,1072,1
11359,1055,1
11360,1025,1
11361,992,1
11362,969,1
11363,964,1
11364,967,1
11365,977,1
11366,985,1
11367,988,1
11368,983,1
11369,980,1
11370,982,1
11371,981,1
11372,985,1
11373,980,1
11374,982,1
11375,975,1
11376,975,1
11377,976,1
11378,980,1
11379,981,1
11380,979,1
11381,980,1
11382,983,1
11383,985,1
11384,986,1
11385,985,1
11386,983,1
11387,979,1
11388,981,1
11389,980,1
11390,986,1
11391,984,1
11392,982,1
11393,980,1
11394,983,1
11395,987,1
11396,988,1
11397,988,1
11398,983,1
11399,980,1
11400,982,1
11401,983,1
11402,986,1
11403,983,1
11404,981,1
11405,980,1
11406,983,1
11407,986,1
11408,988,1
11409,987,1
11410,986,1
11411,983,1
11412,985,1
11413,985,1
11414,987,1
11415,986,1
11416,983,1
11417,982,1
11418,983,1
11419,985,1
11420,986,1
11421,984,1
11422,980,1
11423,979,1
11424,981,1
11425,988,1
11426,989,1
11427,983,1
11428,984,1
11429,981,1
11430,981,1
11431,984,1
11432,984,1
11433,985,1
11434,981,1
11435,980,1
11436,981,1
11437,983,1
11438,983,1
11439,981,1
11440,979,1
11441,975,1
11442,977,1
11443,977,1
11444,980,1
11445,977,1
11446,973,1
11447,969,1
11448,969,1
11449,970,1
11450,973,1
11451,972,1
11452,968,1
11453,965,1
11454,965,1
11455,968,1
11456,969,1
11457,969,1
11458,965,1
11459,963,1
11460,962,1
11461,966,1
11462,969,1
11463,967,1
11464,966,1
11465,965,1
11466,966,1
11467,969,1
11468,971,1
11469,972,1
11470,968,1
11471,966,1
11472,963,1
11473,967,1
11474,970,1
11475,969,1
11476,969,1
11477,965,1
11478,968,1
11479,973,1
11480,973,1
11481,973,1
11482,970,1
11483,972,1
11484,972,1
11485,972,1
11486,976,1
11487,975,1
11488,974,1
11489,972,1
11490,973,1
11491,973,1
11492,975,1
11493,971,1
11494,972,1
11495,970,1
11496,971,1
11497,976,1
11498,976,1
11499,977,1
11500,977,1
11501,974,1
11502,976,1
11503,980,1
11504,982,1
11505,983,1
11506,977,1
11507,978,1
11508,977,1
11509,978,1
11510,982,1
11511,981,1
11512,982,1
11513,981,1
11514,983,1
11515,984,1
11516,986,1
11517,983,1
11518,981,1
11519,979,1
11520,981,1
11521,985,1
11522,986,1
11523,984,1
11524,982,1
11525,982,1
11526,982,1
11527,987,1
11528,990,1
11529,988,1
11530,986,1
11531,984,1
11532,987,1
11533,987,1
11534,987,1
11535,990,1
11536,988,1
11537,986,1
11538,986,1
11539,989,1
11540,991,1
11541,991,1
11542,988,1
11543,987,1
11544,989,1
11545,992,1
11546,992,1
11547,993,1
11548,990,1
11549,988,1
11550,988,1
11551,992,1
11552,995,1
11553,995,1
11554,993,1
11555,992,1
11556,992,1
11557,994,1
11558,999,1
11559,995,1
11560,997,1
11561,996,1
11562,996,1
11563,997,1
11564,1000,1
11565,999,1
11566,999,1
11567,995,1
11568,997,1
11569,999,1
11570,1002,1
11571,1002,1
11572,999,1
11573,1000,1
11574,1002,1
11575,1002,1
11576,1006,1
11577,1004,1
11578,999,1
11579,1000,1
11580,1000,1
11581,1002,1
11582,1005,1
11583,1003,1
11584,1003,1
11585,1004,1
11586,1005,1
11587,1009,1
11588,1014,1
11589,1016,1
11590,1012,1
11591,1013,1
11592,1017,1
11593,1021,1
11594,1029,1
11595,1031,1
11596,1032,1
11597,1037,1
11598,1041,1
11599,1046,1
11600,1048,1
11601,1049,1
11602,1045,1
11603,1043,1
11604,1044,1
11605,1042,1
11606,1040,1
11607,1036,1
11608,1033,1
11609,1026,1
11610,1025,1
11611,1024,1
11612,1022,1
11613,1015,1
11614,1008,1
11615,1002,1
11616,1002,1
11617,1003,1
11618,1003,1
11619,999,1
11620,999,1
11621,995,1
11622,997,1
11623,999,1
11624,1001,1
11625,1001,1
11626,1002,1
11627,1000,1
11628,998,1
11629,1004,1
11630,1006,1
11631,1007,1
11632,1005,1
11633,1005,1
11634,1005,1
11635,1006,1
11636,1015,1
11637,1025,1
11638,1046,1
11639,1066,1
11640,1091,1
11641,1119,1
11642,1136,1
11643,1135,1
11644,1115,1
11645,1079,1
11646,1041,1
11647,1022,1
11648,1012,1
11649,1007,1
11650,1006,1
11651,1006,1
11652,1005,1
11653,1007,1
11654,1005,1
11655,1004,1
11656,1001,1
11657,1001,1
11658,1000,1
11659,1004,1
11660,1006,1
11661,1005,1
11662,1003,1
11663,999,1
11664,1002,1
11665,1005,1
11666,1006,1
11667,1006,1
11668,1003,1
11669,1000,1
11670,1003,1
11671,1004,1
11672,1006,1
11673,1007,1
11674,1005,1
11675,1003,1
11676,1004,1
11677,1006,1
11678,1010,1
11679,1008,1
11680,1008,1
11681,1006,1
11682,1007,1
11683,1008,1
11684,1011,1
11685,1009,1
11686,1008,1
11687,1007,1
11688,1005,1
11689,1007,1
11690,1012,1
11691,1009,1
11692,1007,1
11693,1004,1
11694,1007,1
11695,1009,1
11696,1011,1
11697,1008,1
11698,1008,1
11699,1007,1
11700,1009,1
11701,1010,1
11702,1012,1
11703,1011,1
11704,1007,1
11705,1009,1
11706,1010,1
11707,1011,1
11708,1013,1
11709,1012,1
11710,1010,1
11711,1009,1
11712,1010,1
11713,1013,1
11714,1014,1
11715,1011,1
11716,1011,1
11717,1008,1
11718,1007,1
11719,1011,1
11720,1012,1
11721,1008,1
11722,1006,1
11723,1005,1
11724,1006,1
11725,1005,1
11726,1008,1
11727,1006,1
11728,1001,1
11729,998,1
11730,999,1
11731,1001,1
11732,1000,1
11733,1001,1
11734,998,1
11735,994,1
11736,995,1
11737,998,1
11738,1000,1
11739,998,1
11740,997,1
11741,991,1
11742,994,1
11743,997,1
11744,998,1
11745,997,1
11746,995,1
11747,993,1
11748,993,1
11749,996,1
11750,999,1
11751,996,1
11752,994,1
11753,992,1
11754,992,1
11755,994,1
11756,999,1
11757,995,1
11758,994,1
11759,992,1
11760,992,1
11761,993,1
11762,998,1
11763,997,1
11764,995,1
11765,990,1
11766,992,1
11767,994,1
11768,996,1
11769,996,1
11770,994,1
11771,992,1
11772,995,1
11773,998,1
11774,998,1
11775,997,1
11776,994,1
11777,995,1
11778,994,1
11779,996,1
11780,997,1
11781,997,1
11782,997,1
11783,994,1
11784,993,1
11785,998,1
11786,999,1
11787,998,1
11788,994,1
11789,994,1
11790,995,1
11791,997,1
11792,1001,1
11793,999,1
11794,999,1
11795,998,1
11796,998,1
11797,999,1
11798,1001,1
11799,999,1
11800,998,1
11801,997,1
11802,998,1
11803,1000,1
11804,1002,1
11805,1003,1
11806,999,1
11807,1000,1
11808,999,1
11809,998,1
11810,1002,1
11811,1002,1
11812,1000,1
11813,997,1
11814,1000,1
11815,1002,1
11816,1003,1
11817,1002,1
11818,1000,1
11819,999,1
11820,996,1
11821,1001,1
11822,1005,1
11823,1004,1
11824,1000,1
11825,1000,1
11826,1001,1
11827,1001,1
11828,1004,1
11829,1003,1
11830,1003,1
11831,998,1
11832,1002,1
11833,1005,1
11834,1003,1
11835,1002,1
11836,1003,1
11837,1001,1
11838,1000,1
11839,1002,1
11840,1006,1
11841,1007,1
11842,1006,1
11843,1002,1
11844,1005,1
11845,1009,1
11846,1013,1
11847,1013,1
11848,1009,1
11849,1008,1
11850,1012,1
11851,1015,1
11852,1018,1
11853,1022,1
11854,1022,1
11855,1024,1
11856,1028,1
11857,1037,1
11858,1045,1
11859,1047,1
11860,1045,1
11861,1046,1
11862,1046,1
11863,1051,1
11864,1051,1
11865,1048,1
11866,1043,1
11867,1036,1
11868,1037,1
11869,1035,1
11870,1036,1
11871,1031,1
11872,1026,1
11873,1016,1
11874,1013,1
11875,1010,1
11876,1007,1
11877,1004,1
11878,999,1
11879,995,1
11880,993,1
11881,995,1
11882,997,1
11883,995,1
11884,993,1
11885,989,1
11886,990,1
11887,995,1
11888,996,1
11889,995,1
11890,994,1
11891,993,1
11892,993,1
11893,997,1
11894,998,1
11895,999,1
11896,996,1
11897,997,1
11898,997,1
11899,1001,1
11900,1001,1
11901,996,1
11902,993,1
11903,992,1
11904,1004,1
11905,1023,1
11906,1051,1
11907,1077,1
11908,1099,1
11909,1114,1
11910,1116,1
11911,1098,1
11912,1067,1
11913,1027,1
11914,1000,1
11915,985,1
11916,987,1
11917,995,1
11918,1000,1
11919,997,1
11920,996,1
11921,993,1
11922,996,1
11923,996,1
11924,997,1
11925,995,1
11926,995,1
11927,993,1
11928,992,1
11929,999,1
11930,998,1
11931,996,1
11932,993,1
11933,995,1
11934,994,1
11935,996,1
11936,1000,1
11937,998,1
11938,997,1
11939,994,1
11940,996,1
11941,1001,1
11942,1000,1
11943,1001,1
11944,997,1
11945,995,1
11946,998,1
11947,1000,1
11948,1002,1
11949,1003,1
11950,1000,1
11951,1001,1
11952,1000,1
11953,1005,1
11954,1007,1
11955,1006,1
11956,1003,1
11957,999,1
11958,1000,1
11959,1004,1
11960,1005,1
11961,1006,1
11962,1004,1
11963,1001,1
11964,1003,1
11965,1006,1
11966,1009,1
11967,1006,1
11968,1006,1
11969,1004,1
11970,1004,1
11971,1008,1
11972,1010,1
11973,1009,1
11974,1007,1
11975,1007,1
11976,1007,1
11977,1011,1
11978,1013,1
11979,1013,1
11980,1009,1
11981,1006,1
11982,1008,1
11983,1007,1
11984,1011,1
11985,1010,1
11986,1008,1
11987,1005,1
11988,1003,1
11989,1008,1
11990,1012,1
11991,1009,1
11992,1005,1
11993,1002,1
11994,1000,1
11995,1000,1
11996,1003,1
11997,1002,1
11998,999,1
11999,996,1
12000,992,1
12001,993,1
12002,996,1
12003,990,1
12004,988,1
12005,985,1
12006,986,1
12007,989,1
12008,990,1
12009,986,1
12010,984,1
12011,981,1
12012,980,1
12013,980,1
12014,984,1
12015,984,1
12016,982,1
12017,980,1
12018,980,1
12019,983,1
12020,984,1
12021,980,1
12022,978,1
12023,974,1
12024,979,1
12025,981,1
12026,980,1
12027,980,1
12028,978,1
12029,973,1
12030,976,1
12031,978,1
12032,980,1
12033,976,1
12034,974,1
12035,972,1
12036,974,1
12037,975,1
12038,975,1
12039,976,1
12040,973,1
12041,972,1
12042,972,1
12043,974,1
12044,977,1
12045,977,1
12046,974,1
12047,973,1
12048,972,1
12049,976,1
12050,976,1
12051,975,1
12052,973,1
12053,972,1
12054,972,1
12055,973,1
12056,975,1
12057,972,1
12058,972,1
12059,971,1
12060,974,1
12061,972,1
12062,976,1
12063,976,1
12064,974,1
12065,973,1
12066,972,1
12067,975,1
12068,975,1
12069,978,1
12070,974,1
12071,969,1
12072,972,1
12073,975,1
12074,979,1
12075,977,1
12076,972,1
12077,971,1
12078,973,1
12079,976,1
12080,978,1
12081,976,1
12082,977,1
12083,973,1
12084,974,1
12085,975,1
12086,980,1
12087,978,1
12088,977,1
12089,973,1
12090,976,1
12091,978,1
12092,979,1
12093,978,1
12094,975,1
12095,975,1
12096,974,1
12097,978,1
12098,981,1
12099,981,1
12100,978,1
12101,975,1
12102,978,1
12103,977,1
12104,976,1
12105,975,1
12106,976,1
12107,973,1
12108,973,1
12109,978,1
12110,979,1
12111,979,1
12112,979,1
12113,976,1
12114,978,1
12115,979,1
12116,980,1
12117,979,1
12118,976,1
12119,973,1
12120,976,1
12121,979,1
12122,976,1
12123,982,1
12124,979,1
12125,976,1
12126,976,1
12127,977,1
12128,979,1
12129,980,1
12130,977,1
12131,974,1
12132,977,1
12133,979,1
12134,982,1
12135,978,1
12136,975,1
12137,975,1
12138,977,1
12139,980,1
12140,979,1
12141,981,1
12142,979,1
12143,978,1
12144,978,1
12145,980,1
12146,982,1
12147,976,1
12148,977,1
12149,976,1
12150,976,1
12151,980,1
12152,979,1
12153,980,1
12154,977,1
12155,976,1
12156,979,1
12157,981,1
12158,984,1
12159,983,1
12160,978,1
12161,977,1
12162,979,1
12163,982,1
12164,984,1
12165,983,1
12166,980,1
12167,979,1
12168,977,1
12169,978,1
12170,979,1
12171,981,1
12172,977,1
12173,977,1
12174,977,1
12175,980,1
12176,983,1
12177,982,1
12178,979,1
12179,979,1
12180,979,1
12181,985,1
12182,988,1
12183,987,1
12184,986,1
12185,983,1
12186,986,1
12187,988,1
12188,992,1
12189,990,1
12190,987,1
12191,989,1
12192,991,1
12193,997,1
12194,1001,1
12195,1001,1
12196,1000,1
12197,998,1
12198,999,1
12199,999,1
12200,997,1
12201,993,1
12202,991,1
12203,985,1
12204,985,1
12205,990,1
12206,988,1
12207,990,1
12208,984,1
12209,981,1
12210,978,1
12211,981,1
12212,979,1
12213,977,1
12214,973,1
12215,973,1
12216,973,1
12217,972,1
12218,973,1
12219,972,1
12220,968,1
12221,970,1
12222,971,1
12223,974,1
12224,979,1
12225,975,1
12226,973,1
12227,971,1
12228,973,1
12229,976,1
12230,980,1
12231,979,1
12232,978,1
12233,974,1
12234,973,1
12235,968,1
12236,970,1
12237,973,1
12238,984,1
12239,1003,1
12240,1028,1
12241,1048,1
12242,1063,1
12243,1058,1
12244,1029,1
12245,998,1
12246,972,1
12247,960,1
12248,957,1
12249,960,1
12250,963,1
12251,967,1
12252,975,1
12253,978,1
12254,981,1
12255,980,1
12256,975,1
12257,973,1
12258,974,1
12259,975,1
12260,978,1
12261,982,1
12262,976,1
12263,976,1
12264,979,1
12265,982,1
12266,984,1
12267,981,1
12268,979,1
12269,977,1
12270,979,1
12271,983,1
12272,983,1
12273,983,1
12274,981,1
12275,979,1
12276,979,1
12277,981,1
12278,983,1
12279,982,1
12280,984,1
12281,982,1
12282,982,1
12283,985,1
12284,987,1
12285,986,1
12286,986,1
12287,984,1
12288,984,1
12289,986,1
12290,987,1
12291,988,1
12292,984,1
12293,983,1
12294,985,1
12295,987,1
12296,987,1
12297,988,1
12298,986,1
12299,983,1
12300,982,1
12301,985,1
12302,989,1
12303,988,1
12304,983,1
12305,981,1
12306,985,1
12307,988,1
12308,988,1
12309,988,1
12310,984,1
12311,980,1
12312,986,1
12313,987,1
12314,989,1
12315,986,1
12316,985,1
12317,981,1
12318,982,1
12319,983,1
12320,986,1
12321,985,1
12322,983,1
12323,979,1
12324,981,1
12325,983,1
12326,985,1
12327,984,1
12328,978,1
12329,976,1
12330,975,1
12331,977,1
12332,979,1
12333,974,1
12334,971,1
12335,971,1
12336,972,1
12337,973,1
12338,977,1
12339,971,1
12340,967,1
12341,968,1
12342,968,1
12343,970,1
12344,972,1
12345,972,1
12346,969,1
12347,969,1
12348,970,1
12349,972,1
12350,972,1
12351,971,1
12352,967,1
12353,966,1
12354,964,1
12355,971,1
12356,974,1
12357,971,1
12358,970,1
12359,967,1
12360,969,1
12361,971,1
12362,975,1
12363,973,1
12364,967,1
12365,967,1
12366,964,1
12367,973,1
12368,972,1
12369,972,1
12370,970,1
12371,970,1
12372,970,1
12373,971,1
12374,974,1
12375,976,1
12376,972,1
12377,971,1
12378,973,1
12379,974,1
12380,975,1
12381,974,1
12382,972,1
12383,971,1
12384,973,1
12385,975,1
12386,979,1
12387,977,1
12388,973,1
12389,974,1
12390,973,1
12391,975,1
12392,980,1
12393,977,1
12394,975,1
12395,973,1
12396,976,1
12397,981,1
12398,982,1
12399,982,1
12400,979,1
12401,978,1
12402,980,1
12403,983,1
12404,987,1
12405,984,1
12406,977,1
12407,979,1
12408,981,1
12409,983,1
12410,985,1
12411,989,1
12412,984,1
12413,981,1
12414,982,1
12415,985,1
12416,988,1
12417,986,1
12418,984,1
12419,985,1
12420,986,1
12421,989,1
12422,989,1
12423,990,1
12424,986,1
12425,986,1
12426,989,1
12427,989,1
12428,989,1
12429,990,1
12430,989,1
12431,988,1
12432,987,1
12433,992,1
12434,991,1
12435,992,1
12436,988,1
12437,988,1
12438,990,1
12439,994,1
12440,995,1
12441,995,1
12442,990,1
12443,987,1
12444,990,1
12445,993,1
12446,993,1
12447,993,1
12448,990,1
12449,991,1
12450,993,1
12451,994,1
12452,995,1
12453,992,1
12454,992,1
12455,990,1
12456,992,1
12457,993,1
12458,994,1
12459,996,1
12460,993,1
12461,991,1
12462,993,1
12463,993,1
12464,997,1
12465,996,1
12466,994,1
12467,991,1
12468,993,1
12469,995,1
12470,998,1
12471,994,1
12472,991,1
12473,992,1
12474,992,1
12475,996,1
12476,998,1
12477,996,1
12478,994,1
12479,990,1
12480,990,1
12481,998,1
12482,997,1
12483,998,1
12484,998,1
12485,994,1
12486,999,1
12487,1003,1
12488,1006,1
12489,1006,1
12490,1005,1
12491,1003,1
12492,1008,1
12493,1015,1
12494,1017,1
12495,1019,1
12496,1019,1
12497,1021,1
12498,1028,1
12499,1031,1
12500,1036,1
12501,1038,1
12502,1035,1
12503,1034,1
12504,1034,1
12505,1034,1
12506,1034,1
12507,1032,1
12508,1026,1
12509,1019,1
12510,1021,1
12511,1023,1
12512,1021,1
12513,1012,1
12514,1010,1
12515,1005,1
12516,1002,1
12517,1001,1
12518,1001,1
12519,997,1
12520,994,1
12521,989,1
12522,991,1
12523,994,1
12524,994,1
12525,994,1
12526,992,1
12527,990,1
12528,991,1
12529,995,1
12530,996,1
12531,997,1
12532,993,1
12533,994,1
12534,995,1
12535,998,1
12536,1001,1
12537,998,1
12538,1000,1
12539,998,1
12540,999,1
12541,1003,1
12542,1013,1
12543,1027,1
12544,1045,1
12545,1064,1
12546,1090,1
12547,1113,1
12548,1123,1
12549,1115,1
12550,1091,1
12551,1053,1
12552,1025,1
12553,1010,1
12554,1004,1
12555,996,1
12556,991,1
12557,991,1
12558,993,1
12559,995,1
12560,998,1
12561,997,1
12562,994,1
12563,989,1
12564,990,1
12565,995,1
12566,996,1
12567,993,1
12568,993,1
12569,990,1
12570,992,1
12571,990,1
12572,994,1
12573,995,1
12574,995,1
12575,991,1
12576,992,1
12577,994,1
12578,997,1
12579,992,1
12580,995,1
12581,990,1
12582,992,1
12583,995,1
12584,997,1
12585,996,1
12586,992,1
12587,993,1
12588,992,1
12589,993,1
12590,999,1
12591,995,1
12592,997,1
12593,994,1
12594,995,1
12595,996,1
12596,1000,1
12597,1001,1
12598,997,1
12599,995,1
12600,993,1
12601,996,1
12602,998,1
12603,996,1
12604,993,1
12605,992,1
12606,993,1
12607,999,1
12608,999,1
12609,999,1
12610,997,1
12611,995,1
12612,996,1
12613,1002,1
12614,1004,1
12615,1003,1
12616,1001,1
12617,997,1
12618,1000,1
12619,1001,1
12620,1003,1
12621,1002,1
12622,1001,1
12623,998,1
12624,998,1
12625,1003,1
12626,1005,1
12627,1002,1
12628,1001,1
12629,1000,1
12630,999,1
12631,1000,1
12632,1003,1
12633,1001,1
12634,997,1
12635,996,1
12636,996,1
12637,999,1
12638,1001,1
12639,996,1
12640,995,1
12641,994,1
12642,994,1
12643,996,1
12644,995,1
12645,994,1
12646,992,1
12647,988,1
12648,985,1
12649,989,1
12650,992,1
12651,988,1
12652,983,1
12653,983,1
12654,983,1
12655,988,1
12656,990,1
12657,987,1
12658,986,1
12659,983,1
12660,983,1
12661,985,1
12662,985,1
12663,982,1
12664,981,1
12665,981,1
12666,981,1
12667,985,1
12668,987,1
12669,985,1
12670,979,1
12671,977,1
12672,979,1
12673,983,1
12674,987,1
12675,985,1
12676,981,1
12677,979,1
12678,981,1
12679,984,1
12680,986,1
12681,986,1
12682,983,1
12683,981,1
12684,984,1
12685,986,1
12686,988,1
12687,986,1
12688,985,1
12689,984,1
12690,981,1
12691,985,1
12692,987,1
12693,984,1
12694,985,1
12695,982,1
12696,985,1
12697,988,1
12698,989,1
12699,990,1
12700,987,1
12701,987,1
12702,988,1
12703,989,1
12704,990,1
12705,989,1
12706,988,1
12707,987,1
12708,986,1
12709,990,1
12710,988,1
12711,988,1
12712,987,1
12713,984,1
12714,987,1
12715,991,1
12716,993,1
12717,991,1
12718,990,1
12719,989,1
12720,988,1
12721,990,1
12722,994,1
12723,991,1
12724,992,1
12725,991,1
12726,992,1
12727,993,1
12728,995,1
12729,994,1
12730,990,1
12731,988,1
12732,991,1
12733,992,1
12734,997,1
12735,993,1
12736,990,1
12737,989,1
12738,991,1
12739,995,1
12740,994,1
12741,993,1
12742,990,1
12743,989,1
12744,994,1
12745,997,1
12746,996,1
12747,997,1
12748,993,1
12749,993,1
12750,995,1
12751,996,1
12752,998,1
12753,998,1
12754,996,1
12755,992,1
12756,995,1
12757,998,1
12758,1000,1
12759,998,1
12760,999,1
12761,998,1
12762,1003,1
12763,1006,1
12764,1012,1
12765,1012,1
12766,1011,1
12767,1011,1
12768,1017,1
12769,1022,1
12770,1026,1
12771,1029,1
12772,1032,1
12773,1033,1
12774,1034,1
12775,1037,1
12776,1040,1
12777,1038,1
12778,1032,1
12779,1030,1
12780,1029,1
12781,1029,1
12782,1028,1
12783,1024,1
12784,1018,1
12785,1016,1
12786,1013,1
12787,1009,1
12788,1010,1
12789,1004,1
12790,1000,1
12791,992,1
12792,993,1
12793,994,1
12794,996,1
12795,993,1
12796,991,1
12797,990,1
12798,989,1
12799,992,1
12800,991,1
12801,990,1
12802,991,1
12803,988,1
12804,991,1
12805,995,1
12806,997,1
12807,997,1
12808,995,1
12809,995,1
12810,996,1
12811,999,1
12812,997,1
12813,993,1
12814,989,1
12815,991,1
12816,1003,1
12817,1020,1
12818,1046,1
12819,1070,1
12820,1085,1
12821,1096,1
12822,1093,1
12823,1076,1
12824,1047,1
12825,1014,1
12826,995,1
12827,987,1
12828,988,1
12829,992,1
12830,1001,1
12831,999,1
12832,996,1
12833,992,1
12834,994,1
12835,992,1
12836,999,1
12837,998,1
12838,994,1
12839,993,1
12840,994,1
12841,996,1
12842,999,1
12843,997,1
12844,993,1
12845,994,1
12846,996,1
12847,995,1
12848,995,1
12849,997,1
12850,992,1
12851,995,1
12852,993,1
12853,994,1
12854,1001,1
12855,998,1
12856,998,1
12857,995,1
12858,997,1
12859,1000,1
12860,1002,1
12861,998,1
12862,999,1
12863,997,1
12864,1002,1
12865,1004,1
12866,1005,1
12867,1005,1
12868,999,1
12869,1000,1
12870,1000,1
12871,1004,1
12872,1005,1
12873,1002,1
12874,1001,1
12875,997,1
12876,1003,1
12877,1005,1
12878,1008,1
12879,1007,1
12880,1004,1
12881,1002,1
12882,1004,1
12883,1006,1
12884,1008,1
12885,1005,1
12886,1005,1
12887,1002,1
12888,1001,1
12889,1006,1
12890,1009,1
12891,1007,1
12892,1002,1
12893,1000,1
12894,1000,1
12895,1006,1
12896,1004,1
12897,1006,1
12898,1001,1
12899,1001,1
12900,1006,1
12901,1008,1
12902,1008,1
12903,1006,1
12904,1002,1
12905,1001,1
12906,1003,1
12907,1001,1
12908,1002,1
12909,1002,1
12910,999,1
12911,995,1
12912,995,1
12913,997,1
12914,996,1
12915,992,1
12916,992,1
12917,992,1
12918,991,1
12919,991,1
12920,993,1
12921,989,1
12922,985,1
12923,985,1
12924,986,1
12925,987,1
12926,989,1
12927,987,1
12928,986,1
12929,980,1
12930,981,1
12931,984,1
12932,985,1
12933,980,1
12934,979,1
12935,978,1
12936,979,1
12937,982,1
12938,983,1
12939,984,1
12940,982,1
12941,975,1
12942,979,1
12943,981,1
12944,982,1
12945,979,1
12946,977,1
12947,977,1
12948,977,1
12949,978,1
12950,980,1
12951,979,1
12952,978,1
12953,977,1
12954,975,1
12955,977,1
12956,981,1
12957,976,1
12958,974,1
12959,973,1
12960,973,1
12961,974,1
12962,977,1
12963,977,1
12964,974,1
12965,971,1
12966,972,1
12967,976,1
12968,975,1
12969,976,1
12970,973,1
12971,973,1
12972,975,1
12973,976,1
12974,978,1
12975,976,1
12976,975,1
12977,977,1
12978,975,1
12979,979,1
12980,979,1
12981,978,1
12982,977,1
12983,977,1
12984,978,1
12985,977,1
12986,980,1
12987,979,1
12988,977,1
12989,976,1
12990,976,1
12991,981,1
12992,980,1
12993,978,1
12994,975,1
12995,973,1
12996,977,1
12997,977,1
12998,980,1
12999,979,1
13000,975,1
13001,975,1
13002,975,1
13003,979,1
13004,980,1
13005,980,1
13006,979,1
13007,976,1
13008,978,1
13009,980,1
13010,981,1
13011,978,1
13012,976,1
13013,975,1
13014,976,1
13015,978,1
13016,979,1
13017,979,1
13018,975,1
13019,978,1
13020,977,1
13021,979,1
13022,980,1
13023,982,1
13024,979,1
13025,977,1
13026,979,1
13027,978,1
13028,980,1
13029,981,1
13030,977,1
13031,978,1
13032,979,1
13033,981,1
13034,980,1
13035,977,1
13036,975,1
13037,976,1
13038,977,1
13039,979,1
13040,981,1
13041,978,1
13042,977,1
13043,974,1
13044,977,1
13045,979,1
13046,982,1
13047,980,1
13048,981,1
13049,980,1
13050,980,1
13051,983,1
13052,980,1
13053,977,1
13054,975,1
13055,976,1
13056,978,1
13057,981,1
13058,978,1
13059,982,1
13060,976,1
13061,978,1
13062,976,1
13063,980,1
13064,984,1
13065,982,1
13066,980,1
13067,980,1
13068,981,1
13069,989,1
13070,988,1
13071,989,1
13072,986,1
13073,987,1
13074,992,1
13075,993,1
13076,998,1
13077,1002,1
13078,1004,1
13079,1008,1
13080,1008,1
13081,1015,1
13082,1019,1
13083,1018,1
13084,1016,1
13085,1014,1
13086,1012,1
13087,1013,1
13088,1009,1
13089,1003,1
13090,999,1
13091,996,1
13092,993,1
13093,992,1
13094,987,1
13095,983,1
13096,979,1
13097,972,1
13098,972,1
13099,973,1
13100,970,1
13101,972,1
13102,967,1
13103,968,1
13104,969,1
13105,969,1
13106,971,1
13107,970,1
13108,966,1
13109,966,1
13110,968,1
13111,970,1
13112,973,1
13113,975,1
13114,971,1
13115,970,1
13116,970,1
13117,972,1
13118,969,1
13119,966,1
13120,968,1
13121,976,1
13122,995,1
13123,1013,1
13124,1035,1
13125,1052,1
13126,1059,1
13127,1049,1
13128,1024,1
13129,992,1
13130,971,1
13131,961,1
13132,960,1
13133,963,1
13134,970,1
13135,973,1
13136,976,1
13137,973,1
13138,970,1
13139,969,1
13140,972,1
13141,973,1
13142,971,1
13143,972,1
13144,969,1
13145,968,1
13146,970,1
13147,973,1
13148,973,1
13149,973,1
13150,973,1
13151,973,1
13152,975,1
13153,977,1
13154,977,1
13155,976,1
13156,974,1
13157,971,1
13158,973,1
13159,975,1
13160,976,1
13161,974,1
13162,973,1
13163,971,1
13164,973,1
13165,976,1
13166,975,1
13167,978,1
13168,975,1
13169,973,1
13170,976,1
13171,975,1
13172,975,1
13173,976,1
13174,974,1
13175,974,1
13176,978,1
13177,975,1
13178,979,1
13179,978,1
13180,975,1
13181,974,1
13182,978,1
13183,979,1
13184,976,1
13185,972,1
13186,972,1
13187,974,1
13188,975,1
13189,979,1
13190,977,1
13191,975,1
13192,974,1
13193,971,1
13194,975,1
13195,977,1
13196,978,1
13197,978,1
13198,976,1
13199,970,1
13200,974,1
13201,975,1
13202,979,1
13203,974,1
13204,974,1
13205,970,1
13206,970,1
13207,973,1
13208,975,1
13209,973,1
13210,967,1
13211,965,1
13212,967,1
13213,970,1
13214,967,1
13215,966,1
13216,965,1
13217,965,1
13218,964,1
13219,963,1
13220,965,1
13221,963,1
13222,960,1
13223,958,1
13224,958,1
13225,961,1
13226,961,1
13227,961,1
13228,960,1
13229,959,1
13230,960,1
13231,962,1
13232,964,1
13233,964,1
13234,959,1
13235,958,1
13236,960,1
13237,960,1
13238,961,1
13239,962,1
13240,961,1
13241,961,1
13242,963,1
13243,965,1
13244,965,1
13245,965,1
13246,965,1
13247,962,1
13248,960,1
13249,966,1
13250,969,1
13251,967,1
13252,964,1
13253,965,1
13254,965,1
13255,968,1
13256,973,1
13257,969,1
13258,966,1
13259,969,1
13260,968,1
13261,971,1
13262,974,1
13263,971,1
13264,967,1
13265,967,1
13266,970,1
13267,971,1
13268,975,1
13269,973,1
13270,972,1
13271,972,1
13272,973,1
13273,975,1
13274,974,1
13275,976,1
13276,975,1
13277,973,1
13278,976,1
13279,978,1
13280,978,1
13281,976,1
13282,977,1
13283,975,1
13284,977,1
13285,974,1
13286,980,1
13287,979,1
13288,978,1
13289,978,1
13290,980,1
13291,983,1
13292,984,1
13293,983,1
13294,981,1
13295,981,1
13296,983,1
13297,984,1
13298,985,1
13299,985,1
13300,983,1
13301,982,1
13302,982,1
13303,988,1
13304,989,1
13305,985,1
13306,985,1
13307,986,1
13308,988,1
13309,991,1
13310,992,1
13311,989,1
13312,987,1
13313,985,1
13314,988,1
13315,991,1
13316,988,1
13317,989,1
13318,986,1
13319,987,1
13320,990,1
13321,993,1
13322,995,1
13323,993,1
13324,990,1
13325,988,1
13326,990,1
13327,993,1
13328,991,1
13329,991,1
13330,992,1
13331,989,1
13332,991,1
13333,992,1
13334,995,1
13335,993,1
13336,990,1
13337,989,1
13338,992,1
13339,994,1
13340,993,1
13341,995,1
13342,992,1
13343,992,1
13344,993,1
13345,996,1
13346,995,1
13347,998,1
13348,998,1
13349,998,1
13350,1003,1
13351,1008,1
13352,1009,1
13353,1010,1
13354,1010,1
13355,1014,1
13356,1018,1
13357,1025,1
13358,1030,1
13359,1035,1
13360,1037,1
13361,1038,1
13362,1041,1
13363,1044,1
13364,1045,1
13365,1043,1
13366,1037,1
13367,1035,1
13368,1033,1
13369,1032,1
13370,1028,1
13371,1029,1
13372,1023,1
13373,1016,1
13374,1012,1
13375,1008,1
13376,1003,1
13377,998,1
13378,996,1
13379,992,1
13380,994,1
13381,996,1
13382,995,1
13383,995,1
13384,991,1
13385,989,1
13386,992,1
13387,996,1
13388,997,1
13389,995,1
13390,994,1
13391,994,1
13392,996,1
13393,997,1
13394,1002,1
13395,998,1
13396,998,1
13397,997,1
13398,1001,1
13399,1002,1
13400,1008,1
13401,1016,1
13402,1032,1
13403,1059,1
13404,1091,1
13405,1116,1
13406,1137,1
13407,1140,1
13408,1122,1
13409,1083,1
13410,1041,1
13411,1017,1
13412,1004,1
13413,999,1
13414,997,1
13415,999,1
13416,1003,1
13417,1003,1
13418,1003,1
13419,1001,1
13420,997,1
13421,997,1
13422,998,1
13423,999,1
13424,1001,1
13425,998,1
13426,998,1
13427,997,1
13428,999,1
13429,1002,1
13430,1002,1
13431,1000,1
13432,996,1
13433,997,1
13434,997,1
13435,1002,1
13436,1004,1
13437,1004,1
13438,1002,1
13439,1000,1
13440,1002,1
13441,1006,1
13442,1006,1
13443,1006,1
13444,1002,1
13445,1003,1
13446,1002,1
13447,1003,1
13448,1006,1
13449,1006,1
13450,1003,1
13451,1003,1
13452,1006,1
13453,1006,1
13454,1010,1
13455,1006,1
13456,1002,1
13457,1004,1
13458,1007,1
13459,1007,1
13460,1010,1
13461,1007,1
13462,1004,1
13463,1005,1
13464,1007,1
13465,1009,1
13466,1011,1
13467,1010,1
13468,1008,1
13469,1008,1
13470,1009,1
13471,1012,1
13472,1014,1
13473,1012,1
13474,1011,1
13475,1009,1
13476,1009,1
13477,1011,1
13478,1011,1
13479,1010,1
13480,1009,1
13481,1006,1
13482,1008,1
13483,1007,1
13484,1010,1
13485,1008,1
13486,1003,1
13487,1002,1
13488,1006,1
13489,1007,1
13490,1005,1
13491,1001,1
13492,1000,1
13493,997,1
13494,999,1
13495,1001,1
13496,999,1
13497,998,1
13498,994,1
13499,996,1
13500,992,1
13501,995,1
13502,1000,1
13503,997,1
13504,996,1
13505,992,1
13506,995,1
13507,996,1
13508,997,1
13509,997,1
13510,995,1
13511,993,1
13512,992,1
13513,994,1
13514,1000,1
13515,998,1
13516,993,1
13517,993,1
13518,997,1
13519,998,1
13520,996,1
13521,994,1
13522,994,1
13523,992,1
13524,991,1
13525,996,1
13526,996,1
13527,997,1
13528,995,1
13529,997,1
13530,994,1
13531,997,1
13532,1000,1
13533,999,1
13534,995,1
13535,996,1
13536,996,1
13537,999,1
13538,999,1
13539,999,1
13540,996,1
13541,995,1
13542,997,1
13543,1000,1
13544,1000,1
13545,1000,1
13546,996,1
13547,994,1
13548,999,1
13549,1002,1
13550,1002,1
13551,1001,1
13552,998,1
13553,996,1
13554,996,1
13555,1003,1
13556,1002,1
13557,1000,1
13558,999,1
13559,996,1
13560,999,1
13561,1002,1
13562,1002,1
13563,1002,1
13564,1000,1
13565,997,1
13566,999,1
13567,1002,1
13568,1003,1
13569,1004,1
13570,1003,1
13571,1002,1
13572,1003,1
13573,1004,1
13574,1005,1
13575,1005,1
13576,1002,1
13577,999,1
13578,1002,1
13579,1003,1
13580,1005,1
13581,1003,1
13582,1003,1
13583,1001,1
13584,1003,1
13585,1006,1
13586,1006,1
13587,1006,1
13588,1003,1
13589,1003,1
13590,1006,1
13591,1006,1
13592,1010,1
13593,1004,1
13594,1004,1
13595,1004,1
13596,1006,1
13597,1006,1
13598,1009,1
13599,1008,1
13600,1005,1
13601,1006,1
13602,1007,1
13603,1007,1
13604,1011,1
13605,1008,1
13606,1006,1
13607,1004,1
13608,1005,1
13609,1010,1
13610,1013,1
13611,1009,1
13612,1007,1
13613,1005,1
13614,1011,1
13615,1014,1
13616,1017,1
13617,1014,1
13618,1016,1
13619,1017,1
13620,1023,1
13621,1027,1
13622,1031,1
13623,1030,1
13624,1030,1
13625,1033,1
13626,1038,1
13627,1045,1
13628,1048,1
13629,1051,1
13630,1049,1
13631,1049,1
13632,1049,1
13633,1050,1
13634,1047,1
13635,1041,1
13636,1035,1
13637,1033,1
13638,1033,1
13639,1031,1
13640,1030,1
13641,1024,1
13642,1017,1
13643,1011,1
13644,1009,1
13645,1009,1
13646,1008,1
13647,1006,1
13648,1001,1
13649,998,1
13650,999,1
13651,1004,1
13652,1001,1
13653,1001,1
13654,1001,1
13655,997,1
13656,1000,1
13657,1003,1
13658,1002,1
13659,1005,1
13660,1000,1
13661,1002,1
13662,1003,1
13663,1006,1
13664,1008,1
13665,1004,1
13666,1000,1
13667,1000,1
13668,1003,1
13669,1016,1
13670,1035,1
13671,1058,1
13672,1077,1
13673,1098,1
13674,1113,1
13675,1119,1
13676,1100,1
13677,1062,1
13678,1024,1
13679,1004,1
13680,994,1
13681,998,1
13682,1003,1
13683,1005,1
13684,1003,1
13685,1000,1
13686,1003,1
13687,1003,1
13688,1003,1
13689,1003,1
13690,1002,1
13691,1000,1
13692,1002,1
13693,1005,1
13694,1003,1
13695,1003,1
13696,1001,1
13697,1001,1
13698,1000,1
13699,1007,1
13700,1008,1
13701,1006,1
13702,1004,1
13703,1003,1
13704,1003,1
13705,1006,1
13706,1006,1
13707,1004,1
13708,1004,1
13709,1001,1
13710,1006,1
13711,1008,1
13712,1009,1
13713,1004,1
13714,1004,1
13715,1004,1
13716,1006,1
13717,1009,1
13718,1011,1
13719,1009,1
13720,1005,1
13721,1003,1
13722,1005,1
13723,1008,1
13724,1009,1
13725,1008,1
13726,1007,1
13727,1005,1
13728,1007,1
13729,1011,1
13730,1010,1
13731,1008,1
13732,1007,1
13733,1007,1
13734,1007,1
13735,1012,1
13736,1012,1
13737,1008,1
13738,1008,1
13739,1007,1
13740,1009,1
13741,1011,1
13742,1013,1
13743,1010,1
13744,1009,1
13745,1010,1
13746,1010,1
13747,1014,1
13748,1013,1
13749,1011,1
13750,1009,1
13751,1008,1
13752,1006,1
13753,1010,1
13754,1009,1
13755,1005,1
13756,1000,1
13757,1000,1
13758,999,1
13759,1004,1
13760,1004,1
13761,999,1
13762,995,1
13763,995,1
13764,996,1
13765,995,1
13766,994,1
13767,992,1
13768,989,1
13769,990,1
13770,990,1
13771,994,1
13772,996,1
13773,992,1
13774,989,1
13775,985,1
13776,986,1
13777,989,1
13778,990,1
13779,987,1
13780,985,1
13781,983,1
13782,985,1
13783,985,1
13784,987,1
13785,983,1
13786,983,1
13787,980,1
13788,983,1
13789,984,1
13790,983,1
13791,982,1
13792,979,1
13793,978,1
13794,980,1
13795,982,1
13796,985,1
13797,981,1
13798,978,1
13799,979,1
13800,977,1
13801,981,1
13802,983,1
13803,983,1
13804,978,1
13805,980,1
13806,982,1
13807,983,1
13808,983,1
13809,980,1
13810,980,1
13811,978,1
13812,978,1
13813,983,1
13814,982,1
13815,979,1
13816,977,1
13817,977,1
13818,977,1
13819,982,1
13820,981,1
13821,981,1
13822,978,1
13823,979,1
13824,980,1
13825,981,1
13826,982,1
13827,979,1
13828,977,1
13829,975,1
13830,978,1
13831,981,1
13832,983,1
13833,980,1
13834,979,1
13835,977,1
13836,980,1
13837,983,1
13838,984,1
13839,981,1
13840,982,1
13841,979,1
13842,979,1
13843,985,1
13844,987,1
13845,984,1
13846,981,1
13847,978,1
13848,978,1
13849,983,1
13850,985,1
13851,986,1
13852,980,1
13853,980,1
13854,981,1
13855,984,1
13856,983,1
13857,985,1
13858,983,1
13859,982,1
13860,981,1
13861,985,1
13862,986,1
13863,983,1
13864,980,1
13865,978,1
13866,982,1
13867,982,1
13868,985,1
13869,984,1
13870,981,1
13871,980,1
13872,979,1
13873,983,1
13874,984,1
13875,983,1
13876,980,1
13877,978,1
13878,978,1
13879,984,1
13880,980,1
13881,980,1
13882,978,1
13883,980,1
13884,985,1
13885,986,1
13886,986,1
13887,984,1
13888,980,1
13889,976,1
13890,977,1
13891,980,1
13892,983,1
13893,982,1
13894,982,1
13895,980,1
13896,983,1
13897,985,1
13898,982,1
13899,983,1
13900,984,1
13901,983,1
13902,982,1
13903,988,1
13904,989,1
13905,991,1
13906,988,1
13907,990,1
13908,994,1
13909,995,1
13910,998,1
13911,1001,1
13912,999,1
13913,1002,1
13914,1007,1
13915,1014,1
13916,1019,1
13917,1019,1
13918,1020,1
13919,1018,1
13920,1017,1
13921,1017,1
13922,1018,1
13923,1015,1
13924,1009,1
13925,1005,1
13926,1002,1
13927,1005,1
13928,1003,1
13929,1000,1
13930,994,1
13931,988,1
13932,985,1
13933,987,1
13934,983,1
13935,977,1
13936,975,1
13937,973,1
13938,972,1
13939,975,1
13940,971,1
13941,970,1
13942,972,1
13943,974,1
13944,974,1
13945,978,1
13946,980,1
13947,975,1
13948,973,1
13949,972,1
13950,978,1
13951,979,1
13952,979,1
13953,977,1
13954,974,1
13955,968,1
13956,970,1
13957,976,1
13958,989,1
13959,1009,1
13960,1025,1
13961,1047,1
13962,1065,1
13963,1066,1
13964,1048,1
13965,1016,1
13966,982,1
13967,963,1
13968,960,1
13969,962,1
13970,972,1
13971,974,1
13972,978,1
13973,975,1
13974,974,1
13975,978,1
13976,975,1
13977,976,1
13978,974,1
13979,972,1
13980,973,1
13981,979,1
13982,977,1
13983,979,1
13984,977,1
13985,976,1
13986,978,1
13987,979,1
13988,981,1
13989,980,1
13990,978,1
13991,977,1
13992,978,1
13993,982,1
13994,983,1
13995,981,1
13996,974,1
13997,976,1
13998,979,1
13999,983,1
14000,983,1
14001,984,1
14002,978,1
14003,978,1
14004,980,1
14005,983,1
14006,982,1
14007,984,1
14008,981,1
14009,980,1
14010,982,1
14011,985,1
14012,988,1
14013,984,1
14014,980,1
14015,978,1
14016,984,1
14017,982,1
14018,986,1
14019,983,1
14020,984,1
14021,983,1
14022,982,1
14023,987,1
14024,988,1
14025,985,1
14026,982,1
14027,980,1
14028,981,1
14029,985,1
14030,988,1
14031,985,1
14032,982,1
14033,983,1
14034,984,1
14035,985,1
14036,986,1
14037,985,1
14038,983,1
14039,980,1
14040,981,1
14041,984,1
14042,984,1
14043,981,1
14044,978,1
14045,978,1
14046,978,1
14047,982,1
14048,983,1
14049,979,1
14050,975,1
14051,972,1
14052,972,1
14053,975,1
14054,975,1
14055,975,1
14056,973,1
14057,967,1
14058,972,1
14059,974,1
14060,976,1
14061,974,1
14062,968,1
14063,971,1
14064,970,1
14065,973,1
14066,972,1
14067,971,1
14068,970,1
14069,970,1
14070,973,1
14071,975,1
14072,975,1
14073,972,1
14074,972,1
14075,971,1
14076,974,1
14077,976,1
14078,973,1
14079,971,1
14080,972,1
14081,972,1
14082,972,1
14083,976,1
14084,977,1
14085,976,1
14086,973,1
14087,974,1
14088,976,1
14089,978,1
14090,980,1
14091,978,1
14092,976,1
14093,976,1
14094,977,1
14095,982,1
14096,983,1
14097,981,1
14098,977,1
14099,979,1
14100,980,1
14101,980,1
14102,981,1
14103,981,1
14104,978,1
14105,977,1
14106,980,1
14107,982,1
14108,985,1
14109,981,1
14110,982,1
14111,979,1
14112,983,1
14113,988,1
14114,988,1
14115,987,1
14116,986,1
14117,985,1
14118,986,1
14119,989,1
14120,991,1
14121,990,1
14122,986,1
14123,986,1
14124,990,1
14125,987,1
14126,991,1
14127,991,1
14128,987,1
14129,987,1
14130,989,1
14131,988,1
14132,988,1
14133,989,1
14134,985,1
14135,986,1
14136,989,1
14137,993,1
14138,994,1
14139,994,1
14140,990,1
14141,989,1
14142,986,1
14143,987,1
14144,993,1
14145,993,1
14146,991,1
14147,988,1
14148,989,1
14149,993,1
14150,995,1
14151,994,1
14152,993,1
14153,990,1
14154,993,1
14155,994,1
14156,994,1
14157,995,1
14158,992,1
14159,995,1
14160,993,1
14161,997,1
14162,999,1
14163,995,1
14164,993,1
14165,992,1
14166,994,1
14167,997,1
14168,1001,1
14169,998,1
14170,995,1
14171,993,1
14172,996,1
14173,998,1
14174,998,1
14175,998,1
14176,998,1
14177,995,1
14178,997,1
14179,1000,1
14180,1000,1
14181,998,1
14182,994,1
14183,996,1
14184,998,1
14185,1001,1
14186,997,1
14187,999,1
14188,998,1
14189,998,1
14190,1000,1
14191,1006,1
14192,1007,1
14193,1008,1
14194,1008,1
14195,1010,1
14196,1014,1
14197,1017,1
14198,1017,1
14199,1020,1
14200,1022,1
14201,1021,1
14202,1031,1
14203,1035,1
14204,1040,1
14205,1044,1
14206,1040,1
14207,1041,1
14208,1042,1
14209,1043,1
14210,1039,1
14211,1038,1
14212,1031,1
14213,1029,1
14214,1027,1
14215,1025,1
14216,1023,1
14217,1019,1
14218,1011,1
14219,1008,1
14220,1004,1
14221,1003,1
14222,1005,1
14223,1001,1
14224,997,1
14225,994,1
14226,994,1
14227,996,1
14228,995,1
14229,994,1
14230,993,1
14231,993,1
14232,992,1
14233,995,1
14234,997,1
14235,997,1
14236,995,1
14237,994,1
14238,996,1
14239,1002,1
14240,1003,1
14241,1002,1
14242,994,1
14243,995,1
14244,996,1
14245,1001,1
14246,999,1
14247,1003,1
14248,1014,1
14249,1033,1
14250,1061,1
14251,1088,1
14252,1109,1
14253,1117,1
14254,1111,1
14255,1087,1
14256,1057,1
14257,1029,1
14258,1010,1
14259,994,1
14260,994,1
14261,996,1
14262,997,1
14263,1001,1
14264,1002,1
14265,998,1
14266,996,1
14267,994,1
14268,996,1
14269,999,1
14270,1000,1
14271,998,1
14272,997,1
14273,993,1
14274,997,1
14275,998,1
14276,1001,1
14277,999,1
14278,997,1
14279,999,1
14280,1001,1
14281,1000,1
14282,1003,1
14283,1000,1
14284,1000,1
14285,998,1
14286,1000,1
14287,1004,1
14288,1005,1
14289,1002,1
14290,998,1
14291,1001,1
14292,1001,1
14293,1003,1
14294,1003,1
14295,1002,1
14296,999,1
14297,1000,1
14298,1002,1
14299,1004,1
14300,1007,1
14301,1005,1
14302,1001,1
14303,999,1
14304,1003,1
14305,1006,1
14306,1005,1
14307,1006,1
14308,1005,1
14309,1001,1
14310,1005,1
14311,1007,1
14312,1010,1
14313,1009,1
14314,1006,1
14315,1005,1
14316,1007,1
14317,1009,1
14318,1012,1
14319,1007,1
14320,1010,1
14321,1007,1
14322,1008,1
14323,1010,1
14324,1011,1
14325,1007,1
14326,1005,1
14327,1008,1
14328,1009,1
14329,1013,1
14330,1014,1
14331,1010,1
14332,1008,1
14333,1006,1
14334,1011,1
14335,1011,1
14336,1009,1
14337,1007,1
14338,1004,1
14339,1005,1
14340,1008,1
14341,1009,1
14342,1008,1
14343,1007,1
14344,1005,1
14345,1000,1
14346,1002,1
14347,1002,1
14348,1002,1
14349,999,1
14350,995,1
14351,994,1
14352,995,1
14353,997,1
14354,999,1
14355,993,1
14356,990,1
14357,989,1
14358,988,1
14359,990,1
14360,990,1
14361,990,1
14362,990,1
14363,988,1
14364,989,1
14365,989,1
14366,993,1
14367,990,1
14368,988,1
14369,988,1
14370,987,1
14371,988,1
14372,990,1
14373,991,1
14374,984,1
14375,985,1
14376,986,1
14377,989,1
14378,989,1
14379,988,1
14380,984,1
14381,984,1
14382,986,1
14383,986,1
14384,989,1
14385,988,1
14386,985,1
14387,985,1
14388,987,1
14389,990,1
14390,989,1
14391,987,1
14392,987,1
14393,985,1
14394,988,1
14395,990,1
14396,989,1
14397,987,1
14398,985,1
14399,986,1
14400,986,1
14401,988,1
14402,987,1
14403,986,1
14404,986,1
14405,985,1
14406,985,1
14407,990,1
14408,990,1
14409,991,1
14410,987,1
14411,985,1
14412,987,1
14413,990,1
14414,991,1
14415,987,1
14416,989,1
14417,986,1
14418,988,1
14419,990,1
14420,990,1
14421,989,1
14422,988,1
14423,986,1
14424,987,1
14425,991,1
14426,991,1
14427,990,1
14428,985,1
14429,989,1
14430,989,1
14431,993,1
14432,993,1
14433,990,1
14434,990,1
14435,987,1
14436,993,1
14437,992,1
14438,992,1
14439,993,1
14440,990,1
14441,989,1
14442,993,1
14443,994,1
14444,994,1
14445,992,1
14446,989,1
14447,989,1
14448,990,1
14449,993,1
14450,995,1
14451,993,1
14452,990,1
14453,988,1
14454,991,1
14455,995,1
14456,996,1
14457,995,1
14458,990,1
14459,990,1
14460,991,1
14461,994,1
14462,993,1
14463,993,1
14464,989,1
14465,991,1
14466,993,1
14467,994,1
14468,994,1
14469,993,1
14470,991,1
14471,992,1
14472,995,1
14473,996,1
14474,996,1
14475,993,1
14476,992,1
14477,993,1
14478,995,1
14479,999,1
14480,998,1
14481,997,1
14482,993,1
14483,993,1
14484,996,1
14485,998,1
14486,1001,1
14487,1000,1
14488,998,1
14489,998,1
14490,1001,1
14491,1006,1
14492,1008,1
14493,1005,1
14494,1007,1
14495,1008,1
14496,1011,1
14497,1016,1
14498,1019,1
14499,1022,1
14500,1024,1
14501,1025,1
14502,1031,1
14503,1032,1
14504,1036,1
14505,1034,1
14506,1032,1
14507,1027,1
14508,1030,1
14509,1029,1
14510,1030,1
14511,1024,1
14512,1022,1
14513,1019,1
14514,1016,1
14515,1019,1
14516,1015,1
14517,1010,1
14518,1001,1
14519,996,1
14520,995,1
14521,992,1
14522,995,1
14523,989,1
14524,987,1
14525,985,1
14526,986,1
14527,987,1
14528,985,1
14529,986,1
14530,985,1
14531,985,1
14532,986,1
14533,985,1
14534,990,1
14535,990,1
14536,986,1
14537,988,1
14538,991,1
14539,989,1
14540,991,1
14541,991,1
14542,988,1
14543,984,1
14544,985,1
14545,990,1
14546,995,1
14547,1008,1
14548,1023,1
14549,1042,1
14550,1070,1
14551,1092,1
14552,1104,1
14553,1099,1
14554,1073,1
14555,1038,1
14556,1008,1
14557,988,1
14558,984,1
14559,983,1
14560,984,1
14561,986,1
14562,990,1
14563,989,1
14564,992,1
14565,991,1
14566,988,1
14567,987,1
14568,987,1
14569,991,1
14570,992,1
14571,990,1
14572,984,1
14573,988,1
14574,991,1
14575,994,1
14576,994,1
14577,988,1
14578,984,1
14579,984,1
14580,989,1
14581,993,1
14582,990,1
14583,991,1
14584,989,1
14585,989,1
14586,989,1
14587,990,1
14588,992,1
14589,991,1
14590,990,1
14591,990,1
14592,988,1
14593,992,1
14594,993,1
14595,993,1
14596,991,1
14597,989,1
14598,990,1
14599,994,1
14600,994,1
14601,990,1
14602,990,1
14603,989,1
14604,990,1
14605,992,1
14606,992,1
14607,992,1
14608,986,1
14609,989,1
14610,989,1
14611,994,1
14612,993,1
14613,991,1
14614,990,1
14615,991,1
14616,992,1
14617,996,1
14618,995,1
14619,994,1
14620,992,1
14621,990,1
14622,991,1
14623,994,1
14624,996,1
14625,993,1
14626,988,1
14627,990,1
14628,991,1
14629,995,1
14630,996,1
14631,991,1
14632,993,1
14633,987,1
14634,993,1
14635,994,1
14636,994,1
14637,992,1
14638,989,1
14639,989,1
14640,986,1
14641,984,1
14642,984,1
14643,984,1
14644,979,1
14645,978,1
14646,982,1
14647,981,1
14648,982,1
14649,980,1
14650,980,1
14651,974,1
14652,978,1
14653,980,1
14654,980,1
14655,976,1
14656,973,1
14657,971,1
14658,972,1
14659,973,1
14660,973,1
14661,973,1
14662,972,1
14663,969,1
14664,969,1
14665,972,1
14666,970,1
14667,968,1
14668,964,1
14669,965,1
14670,968,1
14671,970,1
14672,968,1
14673,965,1
14674,962,1
14675,964,1
14676,964,1
14677,970,1
14678,969,1
14679,967,1
14680,965,1
14681,962,1
14682,963,1
14683,966,1
14684,966,1
14685,963,1
14686,960,1
14687,962,1
14688,963,1
14689,963,1
14690,966,1
14691,966,1
14692,964,1
14693,962,1
14694,965,1
14695,966,1
14696,965,1
14697,963,1
14698,962,1
14699,961,1
14700,960,1
14701,966,1
14702,966,1
14703,967,1
14704,963,1
14705,962,1
14706,964,1
14707,964,1
14708,962,1
14709,965,1
14710,964,1
14711,960,1
14712,963,1
14713,968,1
14714,969,1
14715,968,1
14716,965,1
14717,964,1
14718,967,1
14719,968,1
14720,970,1
14721,969,1
14722,968,1
14723,967,1
14724,967,1
14725,969,1
14726,967,1
14727,966,1
14728,962,1
14729,962,1
14730,963,1
14731,968,1
14732,967,1
14733,962,1
14734,964,1
14735,962,1
14736,965,1
14737,968,1
14738,968,1
14739,967,1
14740,963,1
14741,966,1
14742,965,1
14743,967,1
14744,970,1
14745,966,1
14746,963,1
14747,964,1
14748,969,1
14749,971,1
14750,970,1
14751,968,1
14752,966,1
14753,965,1
14754,968,1
14755,970,1
14756,969,1
14757,968,1
14758,965,1
14759,963,1
14760,965,1
14761,970,1
14762,969,1
14763,969,1
14764,964,1
14765,962,1
14766,966,1
14767,967,1
14768,969,1
14769,966,1
14770,965,1
14771,963,1
14772,964,1
14773,969,1
14774,969,1
14775,967,1
14776,964,1
14777,966,1
14778,971,1
14779,969,1
14780,969,1
14781,971,1
14782,968,1
14783,965,1
14784,967,1
14785,967,1
14786,967,1
14787,966,1
14788,962,1
14789,964,1
14790,967,1
14791,971,1
14792,968,1
14793,966,1
14794,964,1
14795,964,1
14796,966,1
14797,969,1
14798,970,1
14799,968,1
14800,966,1
14801,963,1
14802,969,1
14803,968,1
14804,969,1
14805,969,1
14806,964,1
14807,965,1
14808,967,1
14809,973,1
14810,972,1
14811,976,1
14812,972,1
14813,973,1
14814,974,1
14815,978,1
14816,980,1
14817,981,1
14818,980,1
14819,979,1
14820,987,1
14821,993,1
14822,995,1
14823,996,1
14824,997,1
14825,996,1
14826,999,1
14827,999,1
14828,997,1
14829,996,1
14830,993,1
14831,987,1
14832,986,1
14833,985,1
14834,985,1
14835,977,1
14836,972,1
14837,967,1
14838,964,1
14839,965,1
14840,962,1
14841,956,1
14842,957,1
14843,957,1
14844,959,1
14845,961,1
14846,960,1
14847,959,1
14848,954,1
14849,955,1
14850,958,1
14851,960,1
14852,960,1
14853,959,1
14854,959,1
14855,958,1
14856,958,1
14857,964,1
14858,965,1
14859,961,1
14860,955,1
14861,951,1
14862,956,1
14863,971,1
14864,985,1
14865,1004,1
14866,1023,1
14867,1043,1
14868,1058,1
14869,1054,1
14870,1025,1
14871,986,1
14872,954,1
14873,943,1
14874,941,1
14875,947,1
14876,954,1
14877,958,1
14878,958,1
14879,956,1
14880,960,1
14881,964,1
14882,963,1
14883,962,1
14884,958,1
14885,960,1
14886,961,1
14887,964,1
14888,963,1
14889,963,1
14890,959,1
14891,959,1
14892,962,1
14893,962,1
14894,965,1
14895,965,1
14896,960,1
14897,963,1
14898,961,1
14899,966,1
14900,967,1
14901,966,1
14902,962,1
14903,961,1
14904,966,1
14905,970,1
14906,967,1
14907,966,1
14908,966,1
14909,964,1
14910,967,1
14911,968,1
14912,967,1
14913,966,1
14914,965,1
14915,966,1
14916,964,1
14917,968,1
14918,970,1
14919,967,1
14920,966,1
14921,966,1
14922,969,1
14923,970,1
14924,973,1
14925,967,1
14926,965,1
14927,965,1
14928,969,1
14929,970,1
14930,970,1
14931,969,1
14932,967,1
14933,965,1
14934,970,1
14935,968,1
14936,972,1
14937,971,1
14938,969,1
14939,968,1
14940,968,1
14941,972,1
14942,969,1
14943,967,1
14944,964,1
14945,961,1
14946,963,1
14947,967,1
14948,968,1
14949,963,1
14950,962,1
14951,958,1
14952,960,1
14953,962,1
14954,962,1
14955,961,1
14956,958,1
14957,954,1
14958,957,1
14959,954,1
14960,954,1
14961,954,1
14962,954,1
14963,953,1
14964,953,1
14965,954,1
14966,956,1
14967,955,1
14968,953,1
14969,954,1
14970,955,1
14971,961,1
14972,958,1
14973,959,1
14974,958,1
14975,955,1
14976,961,1
14977,961,1
14978,964,1
14979,961,1
14980,957,1
14981,957,1
14982,957,1
14983,962,1
14984,962,1
14985,960,1
14986,955,1
14987,954,1
14988,959,1
14989,964,1
14990,966,1
14991,961,1
14992,962,1
14993,963,1
14994,962,1
14995,962,1
14996,966,1
14997,963,1
14998,960,1
14999,962,1
15000,963,1
15001,964,1
15002,966,1
15003,965,1
15004,964,1
15005,961,1
15006,966,1
15007,968,1
15008,968,1
15009,969,1
15010,967,1
15011,965,1
15012,967,1
15013,972,1
15014,973,1
15015,972,1
15016,970,1
15017,969,1
15018,970,1
15019,972,1
15020,972,1
15021,972,1
15022,971,1
15023,972,1
15024,970,1
15025,973,1
15026,973,1
15027,976,1
15028,973,1
15029,974,1
15030,975,1
15031,975,1
15032,980,1
15033,978,1
15034,975,1
15035,975,1
15036,978,1
15037,981,1
15038,981,1
15039,980,1
15040,976,1
15041,978,1
15042,981,1
15043,983,1
15044,981,1
15045,980,1
15046,977,1
15047,978,1
15048,979,1
15049,983,1
15050,983,1
15051,982,1
15052,977,1
15053,978,1
15054,980,1
15055,984,1
15056,982,1
15057,983,1
15058,979,1
15059,978,1
15060,983,1
15061,985,1
15062,984,1
15063,984,1
15064,982,1
15065,981,1
15066,986,1
15067,988,1
15068,988,1
15069,985,1
15070,977,1
15071,982,1
15072,983,1
15073,988,1
15074,986,1
15075,986,1
15076,985,1
15077,984,1
15078,987,1
15079,991,1
15080,993,1
15081,993,1
15082,993,1
15083,991,1
15084,999,1
15085,1002,1
15086,1005,1
15087,1003,1
15088,1007,1
15089,1006,1
15090,1013,1
15091,1021,1
15092,1025,1
15093,1030,1
15094,1027,1
15095,1030,1
15096,1031,1
15097,1030,1
15098,1028,1
15099,1022,1
15100,1020,1
15101,1016,1
15102,1015,1
15103,1016,1
15104,1012,1
15105,1001,1
15106,994,1
15107,988,1
15108,990,1
15109,988,1
15110,989,1
15111,986,1
15112,980,1
15113,979,1
15114,981,1
15115,983,1
15116,982,1
15117,980,1
15118,980,1
15119,977,1
15120,978,1
15121,983,1
15122,983,1
15123,982,1
15124,983,1
15125,981,1
15126,983,1
15127,987,1
15128,985,1
15129,986,1
15130,981,1
15131,981,1
15132,983,1
15133,991,1
15134,1012,1
15135,1037,1
15136,1065,1
15137,1092,1
15138,1115,1
15139,1118,1
15140,1092,1
15141,1051,1
15142,1008,1
15143,982,1
15144,975,1
15145,983,1
15146,989,1
15147,987,1
15148,985,1
15149,985,1
15150,985,1
15151,987,1
15152,989,1
15153,986,1
15154,984,1
15155,985,1
15156,987,1
15157,988,1
15158,989,1
15159,985,1
15160,984,1
15161,984,1
15162,988,1
15163,988,1
15164,989,1
15165,988,1
15166,984,1
15167,986,1
15168,988,1
15169,992,1
15170,991,1
15171,989,1
15172,986,1
15173,987,1
15174,990,1
15175,992,1
15176,992,1
15177,991,1
15178,989,1
15179,989,1
15180,990,1
15181,996,1
15182,993,1
15183,993,1
15184,989,1
15185,991,1
15186,992,1
15187,993,1
15188,998,1
15189,992,1
15190,989,1
15191,991,1
15192,995,1
15193,998,1
15194,996,1
15195,994,1
15196,994,1
15197,994,1
15198,997,1
15199,1001,1
15200,999,1
15201,999,1
15202,995,1
15203,994,1
15204,999,1
15205,1001,1
15206,1002,1
15207,1000,1
15208,998,1
15209,998,1
15210,999,1
15211,1003,1
15212,1001,1
15213,1000,1
15214,998,1
15215,997,1
15216,998,1
15217,1000,1
15218,1000,1
15219,998,1
15220,992,1
15221,990,1
15222,993,1
15223,994,1
15224,997,1
15225,993,1
15226,990,1
15227,986,1
15228,988,1
15229,988,1
15230,989,1
15231,988,1
15232,985,1
15233,983,1
15234,985,1
15235,987,1
15236,987,1
15237,985,1
15238,980,1
15239,980,1
15240,980,1
15241,985,1
15242,984,1
15243,981,1
15244,980,1
15245,980,1
15246,982,1
15247,984,1
15248,984,1
15249,980,1
15250,977,1
15251,976,1
15252,981,1
15253,983,1
15254,984,1
15255,982,1
15256,979,1
15257,979,1
15258,980,1
15259,981,1
15260,982,1
15261,982,1
15262,979,1
15263,977,1
15264,981,1
15265,984,1
15266,988,1
15267,985,1
15268,980,1
15269,979,1
15270,983,1
15271,986,1
15272,988,1
15273,983,1
15274,981,1
15275,982,1
15276,983,1
15277,987,1
15278,986,1
15279,985,1
15280,984,1
15281,983,1
15282,984,1
15283,987,1
15284,986,1
15285,986,1
15286,984,1
15287,983,1
15288,987,1
15289,990,1
15290,989,1
15291,990,1
15292,985,1
15293,986,1
15294,988,1
15295,990,1
15296,991,1
15297,990,1
15298,988,1
15299,989,1
15300,989,1
15301,992,1
15302,990,1
15303,986,1
15304,986,1
15305,987,1
15306,991,1
15307,992,1
15308,993,1
15309,991,1
15310,987,1
15311,986,1
15312,987,1
15313,991,1
15314,993,1
15315,991,1
15316,987,1
15317,988,1
15318,993,1
15319,992,1
15320,990,1
15321,990,1
15322,988,1
15323,989,1
15324,993,1
15325,993,1
15326,993,1
15327,992,1
15328,991,1
15329,990,1
15330,992,1
15331,995,1
15332,995,1
15333,995,1
15334,992,1
15335,989,1
15336,993,1
15337,995,1
15338,997,1
15339,994,1
15340,993,1
15341,989,1
15342,995,1
15343,994,1
15344,996,1
15345,994,1
15346,993,1
15347,993,1
15348,994,1
15349,997,1
15350,997,1
15351,997,1
15352,992,1
15353,992,1
15354,994,1
15355,999,1
15356,997,1
15357,996,1
15358,994,1
15359,992,1
15360,993,1
15361,1000,1
15362,999,1
15363,997,1
15364,994,1
15365,998,1
15366,1000,1
15367,1005,1
15368,1007,1
15369,1008,1
15370,1007,1
15371,1009,1
15372,1014,1
15373,1017,1
15374,1022,1
15375,1023,1
15376,1024,1
15377,1027,1
15378,1034,1
15379,1036,1
15380,1038,1
15381,1035,1
15382,1032,1
15383,1027,1
15384,1027,1
15385,1025,1
15386,1020,1
15387,1018,1
15388,1015,1
15389,1011,1
15390,1011,1
15391,1005,1
15392,1002,1
15393,996,1
15394,991,1
15395,987,1
15396,984,1
15397,984,1
15398,984,1
15399,981,1
15400,979,1
15401,978,1
15402,980,1
15403,984,1
15404,983,1
15405,982,1
15406,979,1
15407,977,1
15408,978,1
15409,983,1
15410,983,1
15411,983,1
15412,981,1
15413,982,1
15414,982,1
15415,986,1
15416,986,1
15417,984,1
15418,983,1
15419,992,1
15420,1011,1
15421,1039,1
15422,1065,1
15423,1087,1
15424,1106,1
15425,1106,1
15426,1090,1
15427,1056,1
15428,1015,1
15429,987,1
15430,973,1
15431,972,1
15432,978,1
15433,985,1
15434,986,1
15435,986,1
15436,980,1
15437,980,1
15438,979,1
15439,985,1
15440,985,1
15441,982,1
15442,981,1
15443,979,1
15444,981,1
15445,985,1
15446,984,1
15447,983,1
15448,978,1
15449,980,1
15450,982,1
15451,984,1
15452,984,1
15453,983,1
15454,978,1
15455,980,1
15456,983,1
15457,985,1
15458,987,1
15459,985,1
15460,982,1
15461,980,1
15462,984,1
15463,985,1
15464,986,1
15465,984,1
15466,982,1
15467,984,1
15468,986,1
15469,987,1
15470,986,1
15471,985,1
15472,983,1
15473,983,1
15474,985,1
15475,989,1
15476,987,1
15477,985,1
15478,982,1
15479,982,1
15480,981,1
15481,987,1
15482,989,1
15483,986,1
15484,983,1
15485,982,1
15486,984,1
15487,986,1
15488,987,1
15489,987,1
15490,985,1
15491,986,1
15492,987,1
15493,990,1
15494,991,1
15495,985,1
15496,981,1
15497,981,1
15498,987,1
15499,989,1
15500,989,1
15501,987,1
15502,982,1
15503,981,1
15504,982,1
15505,982,1
15506,982,1
15507,979,1
15508,976,1
15509,975,1
15510,976,1
15511,974,1
15512,974,1
15513,974,1
15514,971,1
15515,971,1
15516,970,1
15517,974,1
15518,974,1
15519,970,1
15520,969,1
15521,968,1
15522,969,1
15523,972,1
15524,974,1
15525,971,1
15526,970,1
15527,968,1
15528,969,1
15529,970,1
15530,970,1
15531,969,1
15532,964,1
15533,965,1
15534,969,1
15535,974,1
15536,973,1
15537,972,1
15538,970,1
15539,971,1
15540,973,1
15541,975,1
15542,976,1
15543,972,1
15544,969,1
15545,965,1
15546,967,1
15547,972,1
15548,973,1
15549,973,1
15550,970,1
15551,969,1
15552,969,1
15553,970,1
15554,972,1
15555,968,1
15556,967,1
15557,968,1
15558,970,1
15559,972,1
15560,975,1
15561,972,1
15562,968,1
15563,968,1
15564,967,1
15565,973,1
15566,973,1
15567,973,1
15568,971,1
15569,971,1
15570,973,1
15571,976,1
15572,976,1
15573,978,1
15574,975,1
15575,974,1
15576,975,1
15577,975,1
15578,976,1
15579,976,1
15580,975,1
15581,973,1
15582,976,1
15583,978,1
15584,978,1
15585,979,1
15586,974,1
15587,977,1
15588,980,1
15589,980,1
15590,979,1
15591,980,1
15592,976,1
15593,979,1
15594,977,1
15595,982,1
15596,977,1
15597,976,1
15598,976,1
15599,978,1
15600,976,1
15601,982,1
15602,980,1
15603,981,1
15604,978,1
15605,979,1
15606,981,1
15607,983,1
15608,984,1
15609,982,1
15610,980,1
15611,980,1
15612,979,1
15613,985,1
15614,985,1
15615,983,1
15616,977,1
15617,978,1
15618,981,1
15619,982,1
15620,982,1
15621,982,1
15622,980,1
15623,975,1
15624,983,1
15625,984,1
15626,983,1
15627,979,1
15628,980,1
15629,979,1
15630,980,1
15631,982,1
15632,982,1
15633,981,1
15634,980,1
15635,981,1
15636,981,1
15637,982,1
15638,983,1
15639,982,1
15640,973,1
15641,980,1
15642,979,1
15643,985,1
15644,987,1
15645,985,1
15646,983,1
15647,983,1
15648,987,1
15649,992,1
15650,991,1
15651,991,1
15652,990,1
15653,990,1
15654,995,1
15655,1001,1
15656,1002,1
15657,1002,1
15658,1001,1
15659,1007,1
15660,1011,1
15661,1020,1
15662,1021,1
15663,1020,1
15664,1022,1
15665,1020,1
15666,1023,1
15667,1026,1
15668,1028,1
15669,1025,1
15670,1020,1
15671,1016,1
15672,1014,1
15673,1013,1
15674,1015,1
15675,1008,1
15676,1002,1
15677,994,1
15678,993,1
15679,990,1
15680,990,1
15681,984,1
15682,981,1
15683,979,1
15684,982,1
15685,985,1
15686,983,1
15687,983,1
15688,977,1
15689,978,1
15690,979,1
15691,979,1
15692,981,1
15693,979,1
15694,980,1
15695,981,1
15696,983,1
15697,985,1
15698,988,1
15699,985,1
15700,979,1
15701,974,1
15702,974,1
15703,983,1
15704,994,1
15705,1010,1
15706,1031,1
15707,1058,1
15708,1085,1
15709,1100,1
15710,1098,1
15711,1072,1
15712,1024,1
15713,995,1
15714,974,1
15715,971,1
15716,975,1
15717,979,1
15718,980,1
15719,985,1
15720,984,1
15721,990,1
15722,984,1
15723,985,1
15724,983,1
15725,985,1
15726,988,1
15727,988,1
15728,989,1
15729,989,1
15730,987,1
15731,987,1
15732,988,1
15733,992,1
15734,991,1
15735,992,1
15736,988,1
15737,987,1
15738,990,1
15739,993,1
15740,990,1
15741,991,1
15742,988,1
15743,987,1
15744,993,1
15745,996,1
15746,994,1
15747,993,1
15748,991,1
15749,990,1
15750,990,1
15751,993,1
15752,995,1
15753,997,1
15754,993,1
15755,992,1
15756,996,1
15757,997,1
15758,997,1
15759,998,1
15760,994,1
15761,994,1
15762,994,1
15763,996,1
15764,996,1
15765,996,1
15766,989,1
15767,991,1
15768,995,1
15769,1000,1
15770,999,1
15771,999,1
15772,996,1
15773,993,1
15774,998,1
15775,997,1
15776,1000,1
15777,998,1
15778,998,1
15779,995,1
15780,998,1
15781,999,1
15782,1000,1
15783,1000,1
15784,997,1
15785,996,1
15786,996,1
15787,997,1
15788,998,1
15789,999,1
15790,993,1
15791,993,1
15792,996,1
15793,994,1
15794,995,1
15795,991,1
15796,989,1
15797,986,1
15798,987,1
15799,990,1
15800,987,1
15801,985,1
15802,982,1
15803,982,1
15804,982,1
15805,986,1
15806,985,1
15807,982,1
15808,982,1
15809,982,1
15810,985,1
15811,987,1
15812,985,1
15813,986,1
15814,983,1
15815,980,1
15816,985,1
15817,986,1
15818,985,1
15819,984,1
15820,984,1
15821,982,1
15822,987,1
15823,991,1
15824,987,1
15825,986,1
15826,984,1
15827,984,1
15828,986,1
15829,990,1
15830,987,1
15831,983,1
15832,985,1
15833,986,1
15834,987,1
15835,990,1
15836,992,1
15837,987,1
15838,986,1
15839,987,1
15840,989,1
15841,993,1
15842,992,1
15843,990,1
15844,986,1
15845,985,1
15846,989,1
15847,993,1
15848,993,1
15849,989,1
15850,985,1
15851,986,1
15852,990,1
15853,993,1
15854,993,1
15855,990,1
15856,991,1
15857,991,1
15858,992,1
15859,994,1
15860,995,1
15861,993,1
15862,993,1
15863,990,1
15864,992,1
15865,996,1
15866,997,1
15867,994,1
15868,993,1
15869,993,1
15870,994,1
15871,995,1
15872,999,1
15873,999,1
15874,994,1
15875,994,1
15876,996,1
15877,1000,1
15878,1001,1
15879,997,1
15880,995,1
15881,997,1
15882,996,1
15883,1000,1
15884,1001,1
15885,1000,1
15886,997,1
15887,997,1
15888,998,1
15889,1001,1
15890,1002,1
15891,998,1
15892,998,1
15893,999,1
15894,1001,1
15895,1002,1
15896,998,1
15897,1001,1
15898,999,1
15899,1000,1
15900,1000,1
15901,1003,1
15902,1004,1
15903,1005,1
15904,1002,1
15905,1006,1
15906,1010,1
15907,1013,1
15908,1014,1
15909,1016,1
15910,1013,1
15911,1016,1
15912,1017,1
15913,1026,1
15914,1031,1
15915,1036,1
15916,1040,1
15917,1046,1
15918,1051,1
15919,1051,1
15920,1052,1
15921,1052,1
15922,1047,1
15923,1045,1
15924,1041,1
15925,1042,1
15926,1037,1
15927,1033,1
15928,1026,1
15929,1023,1
15930,1020,1
15931,1017,1
15932,1011,1
15933,1004,1
15934,1000,1
15935,998,1
15936,997,1
15937,999,1
15938,996,1
15939,994,1
15940,991,1
15941,994,1
15942,995,1
15943,998,1
15944,996,1
15945,997,1
15946,993,1
15947,994,1
15948,997,1
15949,998,1
15950,999,1
15951,1000,1
15952,999,1
15953,995,1
15954,996,1
15955,997,1
15956,998,1
15957,1005,1
15958,1021,1
15959,1053,1
15960,1087,1
15961,1118,1
15962,1136,1
15963,1137,1
15964,1113,1
15965,1074,1
15966,1032,1
15967,1005,1
15968,991,1
15969,985,1
15970,987,1
15971,993,1
15972,1000,1
15973,1001,1
15974,999,1
15975,997,1
15976,996,1
15977,993,1
15978,999,1
15979,1000,1
15980,1001,1
15981,999,1
15982,995,1
15983,993,1
15984,998,1
15985,999,1
15986,1001,1
15987,1000,1
15988,997,1
15989,998,1
15990,999,1
15991,1004,1
15992,1002,1
15993,1001,1
15994,998,1
15995,998,1
15996,1000,1
15997,1005,1
15998,1003,1
15999,1002,1
16000,1001,1
16001,1003,1
16002,1004,1
16003,1008,1
16004,1008,1
16005,1006,1
16006,1006,1
16007,1003,1
16008,1008,1
16009,1007,1
16010,1009,1
16011,1005,1
16012,1004,1
16013,1005,1
16014,1004,1
16015,1011,1
16016,1009,1
16017,1006,1
16018,1006,1
16019,1005,1
16020,1006,1
16021,1010,1
16022,1009,1
16023,1008,1
16024,1004,1
16025,1006,1
16026,1007,1
16027,1011,1
16028,1008,1
16029,1008,1
16030,1003,1
16031,1005,1
16032,1006,1
16033,1009,1
16034,1006,1
16035,1006,1
16036,1002,1
16037,1000,1
16038,1004,1
16039,1004,1
16040,1002,1
16041,1000,1
16042,996,1
16043,995,1
16044,995,1
16045,996,1
16046,994,1
16047,990,1
16048,986,1
16049,986,1
16050,988,1
16051,989,1
16052,986,1
16053,983,1
16054,982,1
16055,981,1
16056,983,1
16057,986,1
16058,982,1
16059,980,1
16060,977,1
16061,977,1
16062,979,1
16063,980,1
16064,982,1
16065,976,1
16066,971,1
16067,973,1
16068,975,1
16069,978,1
16070,978,1
16071,974,1
16072,973,1
16073,971,1
16074,970,1
16075,975,1
16076,975,1
16077,972,1
16078,971,1
16079,969,1
16080,973,1
16081,978,1
16082,976,1
16083,973,1
16084,972,1
16085,971,1
16086,973,1
16087,973,1
16088,973,1
16089,971,1
16090,970,1
16091,970,1
16092,973,1
16093,972,1
16094,974,1
16095,968,1
16096,967,1
16097,968,1
16098,969,1
16099,972,1
16100,974,1
16101,972,1
16102,969,1
16103,967,1
16104,972,1
16105,976,1
16106,975,1
16107,969,1
16108,967,1
16109,967,1
16110,971,1
16111,972,1
16112,976,1
16113,973,1
16114,969,1
16115,968,1
16116,970,1
16117,973,1
16118,975,1
16119,972,1
16120,972,1
16121,972,1
16122,973,1
16123,974,1
16124,973,1
16125,970,1
16126,970,1
16127,968,1
16128,969,1
16129,972,1
16130,974,1
16131,971,1
16132,970,1
16133,969,1
16134,971,1
16135,973,1
16136,972,1
16137,975,1
16138,969,1
16139,971,1
16140,974,1
16141,976,1
16142,978,1
16143,976,1
16144,970,1
16145,973,1
16146,975,1
16147,978,1
16148,979,1
16149,977,1
16150,974,1
16151,972,1
16152,974,1
16153,975,1
16154,978,1
16155,974,1
16156,971,1
16157,970,1
16158,975,1
16159,976,1
16160,977,1
16161,977,1
16162,973,1
16163,973,1
16164,974,1
16165,975,1
16166,976,1
16167,976,1
16168,973,1
16169,975,1
16170,975,1
16171,978,1
16172,980,1
16173,977,1
16174,975,1
16175,977,1
16176,975,1
16177,975,1
16178,974,1
16179,975,1
16180,974,1
16181,974,1
16182,979,1
16183,978,1
16184,978,1
16185,975,1
16186,972,1
16187,974,1
16188,978,1
16189,977,1
16190,978,1
16191,976,1
16192,974,1
16193,975,1
16194,978,1
16195,980,1
16196,980,1
16197,978,1
16198,976,1
16199,976,1
16200,976,1
16201,981,1
16202,982,1
16203,978,1
16204,975,1
16205,971,1
16206,974,1
16207,974,1
16208,974,1
16209,972,1
16210,975,1
16211,976,1
16212,977,1
16213,982,1
16214,984,1
16215,982,1
16216,979,1
16217,981,1
16218,986,1
16219,989,1
16220,990,1
16221,990,1
16222,989,1
16223,989,1
16224,997,1
16225,1004,1
16226,1009,1
16227,1010,1
16228,1011,1
16229,1013,1
16230,1018,1
16231,1019,1
16232,1022,1
16233,1021,1
16234,1018,1
16235,1012,1
16236,1015,1
16237,1013,1
16238,1009,1
16239,1002,1
16240,996,1
16241,992,1
16242,988,1
16243,987,1
16244,982,1
16245,977,1
16246,971,1
16247,968,1
16248,971,1
16249,973,1
16250,977,1
16251,972,1
16252,969,1
16253,968,1
16254,972,1
16255,972,1
16256,975,1
16257,972,1
16258,966,1
16259,970,1
16260,973,1
16261,973,1
16262,979,1
16263,978,1
16264,976,1
16265,976,1
16266,978,1
16267,976,1
16268,971,1
16269,968,1
16270,971,1
16271,985,1
16272,1012,1
16273,1043,1
16274,1072,1
16275,1089,1
16276,1096,1
16277,1078,1
16278,1040,1
16279,1001,1
16280,969,1
16281,955,1
16282,951,1
16283,956,1
16284,965,1
16285,971,1
16286,976,1
16287,975,1
16288,971,1
16289,970,1
16290,967,1
16291,973,1
16292,976,1
16293,976,1
16294,971,1
16295,973,1
16296,973,1
16297,975,1
16298,978,1
16299,977,1
16300,974,1
16301,976,1
16302,978,1
16303,979,1
16304,979,1
16305,980,1
16306,976,1
16307,975,1
16308,980,1
16309,983,1
16310,982,1
16311,979,1
16312,978,1
16313,976,1
16314,984,1
16315,988,1
16316,985,1
16317,984,1
16318,980,1
16319,982,1
16320,981,1
16321,987,1
16322,987,1
16323,989,1
16324,987,1
16325,983,1
16326,985,1
16327,989,1
16328,990,1
16329,990,1
16330,987,1
16331,987,1
16332,985,1
16333,989,1
16334,987,1
16335,988,1
16336,984,1
16337,983,1
16338,988,1
16339,991,1
16340,991,1
16341,989,1
16342,988,1
16343,988,1
16344,990,1
16345,992,1
16346,994,1
16347,993,1
16348,984,1
16349,987,1
16350,991,1
16351,993,1
16352,994,1
16353,993,1
16354,990,1
16355,988,1
16356,992,1
16357,993,1
16358,993,1
16359,989,1
16360,987,1
16361,986,1
16362,989,1
16363,990,1
16364,990,1
16365,988,1
16366,984,1
16367,984,1
16368,982,1
16369,985,1
16370,987,1
16371,982,1
16372,982,1
16373,980,1
16374,980,1
16375,983,1
16376,980,1
16377,981,1
16378,976,1
16379,980,1
16380,982,1
16381,983,1
16382,983,1
16383,978,1
16384,978,1
16385,981,1
16386,983,1
16387,986,1
16388,986,1
16389,985,1
16390,981,1
16391,979,1
16392,984,1
16393,986,1
16394,984,1
16395,984,1
16396,980,1
16397,981,1
16398,985,1
16399,988,1
16400,986,1
16401,984,1
16402,983,1
16403,984,1
16404,985,1
16405,989,1
16406,986,1
16407,985,1
16408,983,1
16409,982,1
16410,985,1
16411,990,1
16412,988,1
16413,988,1
16414,984,1
16415,986,1
16416,988,1
16417,989,1
16418,991,1
16419,989,1
16420,984,1
16421,984,1
16422,991,1
16423,992,1
16424,993,1
16425,992,1
16426,990,1
16427,991,1
16428,993,1
16429,997,1
16430,995,1
16431,994,1
16432,992,1
16433,991,1
16434,993,1
16435,998,1
16436,999,1
16437,998,1
16438,995,1
16439,995,1
16440,998,1
16441,1001,1
16442,1002,1
16443,999,1
16444,996,1
16445,997,1
16446,999,1
16447,1002,1
16448,998,1
16449,998,1
16450,996,1
16451,996,1
16452,999,1
16453,1004,1
16454,1002,1
16455,1004,1
16456,1000,1
16457,999,1
16458,1004,1
16459,1005,1
16460,1005,1
16461,1004,1
16462,1003,1
16463,999,1
16464,1003,1
16465,1005,1
16466,1005,1
16467,1003,1
16468,1001,1
16469,1002,1
16470,1003,1
16471,1008,1
16472,1008,1
16473,1008,1
16474,1003,1
16475,1004,1
16476,1004,1
16477,1006,1
16478,1008,1
16479,1006,1
16480,1004,1
16481,1003,1
16482,1008,1
16483,1014,1
16484,1010,1
16485,1010,1
16486,1009,1
16487,1008,1
16488,1009,1
16489,1013,1
16490,1013,1
16491,1012,1
16492,1008,1
16493,1007,1
16494,1010,1
16495,1015,1
16496,1014,1
16497,1011,1
16498,1009,1
16499,1011,1
16500,1012,1
16501,1015,1
16502,1014,1
16503,1013,1
16504,1010,1
16505,1011,1
16506,1014,1
16507,1016,1
16508,1016,1
16509,1016,1
16510,1014,1
16511,1013,1
16512,1018,1
16513,1024,1
16514,1027,1
16515,1026,1
16516,1026,1
16517,1027,1
16518,1034,1
16519,1040,1
16520,1042,1
16521,1043,1
16522,1041,1
16523,1048,1
16524,1051,1
16525,1061,1
16526,1063,1
16527,1063,1
16528,1059,1
16529,1059,1
16530,1060,1
16531,1061,1
16532,1056,1
16533,1054,1
16534,1047,1
16535,1043,1
16536,1042,1
16537,1044,1
16538,1040,1
16539,1033,1
16540,1024,1
16541,1020,1
16542,1016,1
16543,1017,1
16544,1014,1
16545,1009,1
16546,1004,1
16547,1008,1
16548,1007,1
16549,1008,1
16550,1007,1
16551,1006,1
16552,1007,1
16553,1009,1
16554,1011,1
16555,1012,1
16556,1009,1
16557,1010,1
16558,1008,1
16559,1012,1
16560,1015,1
16561,1017,1
16562,1018,1
16563,1014,1
16564,1009,1
16565,1008,1
16566,1008,1
16567,1019,1
16568,1044,1
16569,1078,1
16570,1114,1
16571,1146,1
16572,1171,1
16573,1178,1
16574,1162,1
16575,1118,1
16576,1071,1
16577,1032,1
16578,1010,1
16579,999,1
16580,999,1
16581,1000,1
16582,1004,1
16583,1009,1
16584,1012,1
16585,1012,1
16586,1014,1
16587,1010,1
16588,1009,1
16589,1009,1
16590,1012,1
16591,1015,1
16592,1016,1
16593,1014,1
16594,1011,1
16595,1011,1
16596,1015,1
16597,1020,1
16598,1019,1
16599,1017,1
16600,1015,1
16601,1014,1
16602,1016,1
16603,1022,1
16604,1021,1
16605,1018,1
16606,1017,1
16607,1016,1
16608,1019,1
16609,1019,1
16610,1022,1
16611,1018,1
16612,1018,1
16613,1019,1
16614,1020,1
16615,1024,1
16616,1023,1
16617,1021,1
16618,1021,1
16619,1019,1
16620,1023,1
16621,1025,1
16622,1025,1
16623,1025,1
16624,1022,1
16625,1024,1
16626,1025,1
16627,1025,1
16628,1024,1
16629,1021,1
16630,1024,1
16631,1022,1
16632,1026,1
16633,1026,1
16634,1028,1
16635,1025,1
16636,1025,1
16637,1025,1
16638,1028,1
16639,1030,1
16640,1031,1
16641,1026,1
16642,1024,1
16643,1027,1
16644,1030,1
16645,1031,1
16646,1031,1
16647,1029,1
16648,1027,1
16649,1027,1
16650,1030,1
16651,1030,1
16652,1032,1
16653,1028,1
16654,1028,1
16655,1024,1
16656,1027,1
16657,1030,1
16658,1028,1
16659,1025,1
16660,1023,1
16661,1020,1
16662,1022,1
16663,1023,1
16664,1023,1
16665,1020,1
16666,1013,1
16667,1015,1
16668,1014,1
16669,1016,1
16670,1015,1
16671,1014,1
16672,1014,1
16673,1012,1
16674,1012,1
16675,1014,1
16676,1012,1
16677,1011,1
16678,1008,1
16679,1008,1
16680,1008,1
16681,1011,1
16682,1011,1
16683,1009,1
16684,1008,1
16685,1004,1
16686,1008,1
16687,1008,1
16688,1008,1
16689,1006,1
16690,1002,1
16691,999,1
16692,1004,1
16693,1006,1
16694,1007,1
16695,1006,1
16696,1001,1
16697,1002,1
16698,1003,1
16699,1006,1
16700,1006,1
16701,1004,1
16702,1000,1
16703,1004,1
16704,1006,1
16705,1008,1
16706,1007,1
16707,1004,1
16708,1004,1
16709,1003,1
16710,1005,1
16711,1007,1
16712,1007,1
16713,1005,1
16714,1003,1
16715,1000,1
16716,1005,1
16717,1006,1
16718,1006,1
16719,1006,1
16720,1003,1
16721,1003,1
16722,1001,1
16723,1004,1
16724,1005,1
16725,1003,1
16726,1001,1
16727,1001,1
16728,1004,1
16729,1005,1
16730,1006,1
16731,1006,1
16732,1004,1
16733,1003,1
16734,1004,1
16735,1007,1
16736,1007,1
16737,1005,1
16738,1003,1
16739,1004,1
16740,1007,1
16741,1011,1
16742,1010,1
16743,1008,1
16744,1005,1
16745,1007,1
16746,1011,1
16747,1009,1
16748,1011,1
16749,1006,1
16750,1003,1
16751,1007,1
16752,1008,1
16753,1014,1
16754,1013,1
16755,1008,1
16756,1008,1
16757,1007,1
16758,1010,1
16759,1014,1
16760,1009,1
16761,1011,1
16762,1007,1
16763,1007,1
16764,1012,1
16765,1015,1
16766,1014,1
16767,1013,1
16768,1011,1
16769,1010,1
16770,1010,1
16771,1015,1
16772,1016,1
16773,1011,1
16774,1010,1
16775,1009,1
16776,1011,1
16777,1013,1
16778,1015,1
16779,1013,1
16780,1007,1
16781,1010,1
16782,1012,1
16783,1014,1
16784,1012,1
16785,1015,1
16786,1011,1
16787,1010,1
16788,1014,1
16789,1016,1
16790,1016,1
16791,1013,1
16792,1012,1
16793,1010,1
16794,1011,1
16795,1017,1
16796,1015,1
16797,1015,1
16798,1015,1
16799,1015,1
16800,1020,1
16801,1023,1
16802,1022,1
16803,1024,1
16804,1025,1
16805,1024,1
16806,1029,1
16807,1037,1
16808,1040,1
16809,1043,1
16810,1044,1
16811,1048,1
16812,1059,1
16813,1065,1
16814,1066,1
16815,1063,1
16816,1058,1
16817,1059,1
16818,1058,1
16819,1059,1
16820,1056,1
16821,1048,1
16822,1044,1
16823,1043,1
16824,1041,1
16825,1041,1
16826,1034,1
16827,1025,1
16828,1019,1
16829,1016,1
16830,1017,1
16831,1015,1
16832,1012,1
16833,1009,1
16834,1005,1
16835,1003,1
16836,1007,1
16837,1008,1
16838,1007,1
16839,1006,1
16840,1004,1
16841,1004,1
16842,1005,1
16843,1008,1
16844,1008,1
16845,1008,1
16846,1007,1
16847,1007,1
16848,1012,1
16849,1016,1
16850,1016,1
16851,1013,1
16852,1007,1
16853,1000,1
16854,997,1
16855,1003,1
16856,1022,1
16857,1051,1
16858,1086,1
16859,1123,1
16860,1151,1
16861,1165,1
16862,1149,1
16863,1106,1
16864,1047,1
16865,1007,1
16866,987,1
16867,987,1
16868,992,1
16869,996,1
16870,998,1
16871,1004,1
16872,1010,1
16873,1010,1
16874,1008,1
16875,1004,1
16876,1002,1
16877,1002,1
16878,1005,1
16879,1010,1
16880,1008,1
16881,1008,1
16882,1004,1
16883,1003,1
16884,1006,1
16885,1008,1
16886,1006,1
16887,1005,1
16888,1004,1
16889,1004,1
16890,1005,1
16891,1010,1
16892,1007,1
16893,1007,1
16894,1005,1
16895,1006,1
16896,1008,1
16897,1012,1
16898,1012,1
16899,1010,1
16900,1008,1
16901,1009,1
16902,1005,1
16903,1013,1
16904,1009,1
16905,1012,1
16906,1010,1
16907,1012,1
16908,1013,1
16909,1015,1
16910,1013,1
16911,1009,1
16912,1003,1
16913,1004,1
16914,1006,1
16915,1006,1
16916,1010,1
16917,1007,1
16918,1006,1
16919,1005,1
16920,1008,1
16921,1012,1
16922,1012,1
16923,1011,1
16924,1010,1
16925,1011,1
16926,1010,1
16927,1013,1
16928,1013,1
16929,1010,1
16930,1007,1
16931,1005,1
16932,1007,1
16933,1010,1
16934,1010,1
16935,1008,1
16936,1007,1
16937,1008,1
16938,1013,1
16939,1014,1
16940,1012,1
16941,1010,1
16942,1007,1
16943,1006,1
16944,1005,1
16945,1006,1
16946,1007,1
16947,1003,1
16948,1003,1
16949,1001,1
16950,1001,1
16951,1002,1
16952,1001,1
16953,1001,1
16954,996,1
16955,996,1
16956,996,1
16957,998,1
16958,996,1
16959,994,1
16960,988,1
16961,989,1
16962,991,1
16963,994,1
16964,986,1
16965,984,1
16966,984,1
16967,988,1
16968,988,1
16969,992,1
16970,989,1
16971,988,1
16972,986,1
16973,986,1
16974,986,1
16975,986,1
16976,984,1
16977,983,1
16978,982,1
16979,984,1
16980,983,1
16981,987,1
16982,988,1
16983,983,1
16984,983,1
16985,984,1
16986,986,1
16987,986,1
16988,986,1
16989,984,1
16990,982,1
16991,981,1
16992,983,1
16993,984,1
16994,984,1
16995,983,1
16996,979,1
16997,980,1
16998,985,1
16999,990,1
17000,989,1
17001,987,1
17002,981,1
17003,982,1
17004,984,1
17005,988,1
17006,990,1
17007,988,1
17008,985,1
17009,983,1
17010,983,1
17011,987,1
17012,987,1
17013,987,1
17014,985,1
17015,985,1
17016,986,1
17017,987,1
17018,985,1
17019,985,1
17020,980,1
17021,983,1
17022,985,1
17023,990,1
17024,989,1
17025,991,1
17026,988,1
17027,987,1
17028,987,1
17029,989,1
17030,990,1
17031,989,1
17032,985,1
17033,985,1
17034,986,1
17035,992,1
17036,991,1
17037,990,1
17038,989,1
17039,990,1
17040,989,1
17041,990,1
17042,991,1
17043,989,1
17044,989,1
17045,989,1
17046,990,1
17047,990,1
17048,991,1
17049,992,1
17050,991,1
17051,991,1
17052,994,1
17053,995,1
17054,995,1
17055,990,1
17056,989,1
17057,991,1
17058,991,1
17059,991,1
17060,987,1
17061,987,1
17062,988,1
17063,988,1
17064,992,1
17065,996,1
17066,996,1
17067,994,1
17068,991,1
17069,990,1
17070,991,1
17071,995,1
17072,994,1
17073,992,1
17074,991,1
17075,991,1
17076,994,1
17077,992,1
17078,995,1
17079,991,1
17080,993,1
17081,992,1
17082,996,1
17083,1001,1
17084,998,1
17085,997,1
17086,994,1
17087,994,1
17088,995,1
17089,996,1
17090,1000,1
17091,999,1
17092,1003,1
17093,1002,1
17094,1010,1
17095,1015,1
17096,1014,1
17097,1011,1
17098,1011,1
17099,1018,1
17100,1023,1
17101,1033,1
17102,1040,1
17103,1043,1
17104,1043,1
17105,1043,1
17106,1043,1
17107,1048,1
17108,1049,1
17109,1045,1
17110,1037,1
17111,1029,1
17112,1030,1
17113,1032,1
17114,1027,1
17115,1021,1
17116,1011,1
17117,1002,1
17118,998,1
17119,1001,1
17120,999,1
17121,997,1
17122,993,1
17123,984,1
17124,990,1
17125,992,1
17126,994,1
17127,992,1
17128,989,1
17129,991,1
17130,992,1
17131,998,1
17132,1001,1
17133,999,1
17134,997,1
17135,996,1
17136,998,1
17137,1005,1
17138,1005,1
17139,1003,1
17140,997,1
17141,988,1
17142,985,1
17143,992,1
17144,1007,1
17145,1032,1
17146,1063,1
17147,1101,1
17148,1137,1
17149,1153,1
17150,1130,1
17151,1073,1
17152,1016,1
17153,981,1
17154,974,1
17155,983,1
17156,993,1
17157,1005,1
17158,1011,1
17159,1011,1
17160,1013,1
17161,1014,1
17162,1011,1
17163,1007,1
17164,1001,1
17165,1000,1
17166,1003,1
17167,1009,1
17168,1010,1
17169,1009,1
17170,1006,1
17171,1007,1
17172,1011,1
17173,1016,1
17174,1014,1
17175,1012,1
17176,1008,1
17177,1006,1
17178,1011,1
17179,1015,1
17180,1016,1
17181,1017,1
17182,1012,1
17183,1014,1
17184,1015,1
17185,1018,1
17186,1017,1
17187,1016,1
17188,1016,1
17189,1015,1
17190,1019,1
17191,1020,1
17192,1018,1
17193,1016,1
17194,1014,1
17195,1017,1
17196,1021,1
17197,1023,1
17198,1019,1
17199,1017,1
17200,1017,1
17201,1017,1
17202,1019,1
17203,1020,1
17204,1021,1
17205,1019,1
17206,1019,1
17207,1019,1
17208,1020,1
17209,1023,1
17210,1022,1
17211,1021,1
17212,1018,1
17213,1022,1
17214,1025,1
17215,1029,1
17216,1027,1
17217,1027,1
17218,1023,1
17219,1020,1
17220,1024,1
17221,1030,1
17222,1028,1
17223,1026,1
17224,1020,1
17225,1018,1
17226,1019,1
17227,1023,1
17228,1026,1
17229,1023,1
17230,1018,1
17231,1018,1
17232,1018,1
17233,1022,1
17234,1022,1
17235,1017,1
17236,1015,1
17237,1013,1
17238,1013,1
17239,1015,1
17240,1014,1
17241,1009,1
17242,1008,1
17243,1009,1
17244,1009,1
17245,1010,1
17246,1008,1
17247,1007,1
17248,1003,1
17249,1003,1
17250,1005,1
17251,1008,1
17252,1008,1
17253,1007,1
17254,1004,1
17255,1005,1
17256,1007,1
17257,1011,1
17258,1009,1
17259,1008,1
17260,1008,1
17261,1010,1
17262,1008,1
17263,1011,1
17264,1009,1
17265,1007,1
17266,1002,1
17267,1005,1
17268,1008,1
17269,1013,1
17270,1014,1
17271,1011,1
17272,1012,1
17273,1009,1
17274,1008,1
17275,1010,1
17276,1009,1
17277,1009,1
17278,1008,1
17279,1012,1
17280,1011,1
17281,1016,1
17282,1016,1
17283,1012,1
17284,1009,1
17285,1009,1
17286,1012,1
17287,1012,1
17288,1012,1
17289,1012,1
17290,1005,1
17291,1006,1
17292,1013,1
17293,1011,1
17294,1011,1
17295,1013,1
17296,1012,1
17297,1011,1
17298,1012,1
17299,1015,1
17300,1014,1
17301,1011,1
17302,1011,1
17303,1014,1
17304,1012,1
17305,1016,1
17306,1017,1
17307,1020,1
17308,1017,1
17309,1015,1
17310,1014,1
17311,1021,1
17312,1020,1
17313,1017,1
17314,1017,1
17315,1018,1
17316,1021,1
17317,1022,1
17318,1021,1
17319,1020,1
17320,1016,1
17321,1019,1
17322,1021,1
17323,1022,1
17324,1024,1
17325,1023,1
17326,1021,1
17327,1020,1
17328,1023,1
17329,1026,1
17330,1024,1
17331,1020,1
17332,1019,1
17333,1021,1
17334,1022,1
17335,1028,1
17336,1027,1
17337,1023,1
17338,1020,1
17339,1019,1
17340,1021,1
17341,1024,1
17342,1025,1
17343,1019,1
17344,1016,1
17345,1017,1
17346,1018,1
17347,1021,1
17348,1023,1
17349,1021,1
17350,1016,1
17351,1018,1
17352,1023,1
17353,1027,1
17354,1029,1
17355,1027,1
17356,1026,1
17357,1028,1
17358,1035,1
17359,1038,1
17360,1039,1
17361,1038,1
17362,1039,1
17363,1042,1
17364,1049,1
17365,1060,1
17366,1069,1
17367,1076,1
17368,1077,1
17369,1077,1
17370,1077,1
17371,1078,1
17372,1076,1
17373,1068,1
17374,1064,1
17375,1062,1
17376,1060,1
17377,1057,1
17378,1051,1
17379,1043,1
17380,1037,1
17381,1033,1
17382,1029,1
17383,1025,1
17384,1022,1
17385,1019,1
17386,1015,1
17387,1013,1
17388,1017,1
17389,1018,1
17390,1013,1
17391,1007,1
17392,1006,1
17393,1005,1
17394,1012,1
17395,1014,1
17396,1011,1
17397,1013,1
17398,1013,1
17399,1015,1
17400,1017,1
17401,1020,1
17402,1018,1
17403,1014,1
17404,1014,1
17405,1014,1
17406,1011,1
17407,1008,1
17408,1004,1
17409,1008,1
17410,1026,1
17411,1059,1
17412,1100,1
17413,1145,1
17414,1180,1
17415,1197,1
17416,1181,1
17417,1139,1
17418,1086,1
17419,1037,1
17420,1009,1
17421,992,1
17422,993,1
17423,999,1
17424,1009,1
17425,1011,1
17426,1016,1
17427,1013,1
17428,1008,1
17429,1006,1
17430,1013,1
17431,1013,1
17432,1014,1
17433,1013,1
17434,1011,1
17435,1012,1
17436,1013,1
17437,1016,1
17438,1016,1
17439,1013,1
17440,1013,1
17441,1014,1
17442,1016,1
17443,1019,1
17444,1018,1
17445,1017,1
17446,1018,1
17447,1017,1
17448,1018,1
17449,1017,1
17450,1018,1
17451,1019,1
17452,1017,1
17453,1017,1
17454,1022,1
17455,1023,1
17456,1019,1
17457,1014,1
17458,1012,1
17459,1015,1
17460,1014,1
17461,1022,1
17462,1020,1
17463,1018,1
17464,1017,1
17465,1019,1
17466,1020,1
17467,1024,1
17468,1025,1
17469,1024,1
17470,1020,1
17471,1020,1
17472,1022,1
17473,1028,1
17474,1029,1
17475,1025,1
17476,1023,1
17477,1020,1
17478,1023,1
17479,1027,1
17480,1028,1
17481,1028,1
17482,1025,1
17483,1024,1
17484,1028,1
17485,1026,1
17486,1025,1
17487,1026,1
17488,1025,1
17489,1025,1
17490,1025,1
17491,1027,1
17492,1024,1
17493,1018,1
17494,1022,1
17495,1025,1
17496,1025,1
17497,1025,1
17498,1023,1
17499,1019,1
17500,1016,1
17501,1016,1
17502,1016,1
17503,1019,1
17504,1017,1
17505,1015,1
17506,1012,1
17507,1010,1
17508,1014,1
17509,1015,1
17510,1013,1
17511,1013,1
17512,1008,1
17513,1007,1
17514,1007,1
17515,1006,1
17516,1008,1
17517,1005,1
17518,1003,1
17519,1002,1
17520,1007,1
17521,1007,1
17522,1007,1
17523,1005,1
17524,1002,1
17525,1002,1
17526,1003,1
17527,1005,1
17528,1004,1
17529,999,1
17530,999,1
17531,1001,1
17532,1000,1
17533,1001,1
17534,1002,1
17535,998,1
17536,998,1
17537,996,1
17538,999,1
17539,1001,1
17540,1003,1
17541,999,1
17542,1000,1
17543,999,1
17544,999,1
17545,1002,1
17546,1002,1
17547,998,1
17548,999,1
17549,1001,1
17550,1002,1
17551,1004,1
17552,1002,1
17553,1001,1
17554,998,1
17555,998,1
17556,999,1
17557,1003,1
17558,1003,1
17559,1002,1
17560,1001,1
17561,1002,1
17562,1006,1
17563,1006,1
17564,1006,1
17565,1001,1
17566,999,1
17567,998,1
17568,1004,1
17569,1008,1
17570,1007,1
17571,1004,1
17572,1001,1
17573,1001,1
17574,1003,1
17575,1007,1
17576,1008,1
17577,1002,1
17578,1000,1
17579,1003,1
17580,1006,1
17581,1009,1
17582,1008,1
17583,1006,1
17584,1003,1
17585,1001,1
17586,1005,1
17587,1009,1
17588,1007,1
17589,1006,1
17590,1007,1
17591,1006,1
17592,1009,1
17593,1011,1
17594,1009,1
17595,1005,1
17596,1005,1
17597,1006,1
17598,1008,1
17599,1011,1
17600,1009,1
17601,1008,1
17602,1008,1
17603,1008,1
17604,1007,1
17605,1009,1
17606,1010,1
17607,1009,1
17608,1007,1
17609,1008,1
17610,1010,1
17611,1010,1
17612,1014,1
17613,1011,1
17614,1008,1
17615,1009,1
17616,1010,1
17617,1013,1
17618,1011,1
17619,1009,1
17620,1009,1
17621,1010,1
17622,1014,1
17623,1015,1
17624,1014,1
17625,1011,1
17626,1008,1
17627,1006,1
17628,1011,1
17629,1013,1
17630,1010,1
17631,1005,1
17632,1002,1
17633,1001,1
17634,1005,1
17635,1009,1
17636,1004,1
17637,1005,1
17638,1005,1
17639,1002,1
17640,1007,1
17641,1012,1
17642,1012,1
17643,1007,1
17644,1003,1
17645,1003,1
17646,1002,1
17647,1007,1
17648,1007,1
17649,1005,1
17650,1005,1
17651,1005,1
17652,1008,1
17653,1009,1
17654,1007,1
17655,1002,1
17656,1001,1
17657,998,1
17658,999,1
17659,1003,1
17660,1005,1
17661,1004,1
17662,1004,1
17663,1003,1
17664,1008,1
17665,1011,1
17666,1010,1
17667,1011,1
17668,1011,1
17669,1019,1
17670,1023,1
17671,1025,1
17672,1027,1
17673,1029,1
17674,1033,1
17675,1037,1
17676,1045,1
17677,1047,1
17678,1050,1
17679,1051,1
17680,1050,1
17681,1044,1
17682,1039,1
17683,1036,1
17684,1031,1
17685,1025,1
17686,1022,1
17687,1019,1
17688,1021,1
17689,1018,1
17690,1011,1
17691,1008,1
17692,1000,1
17693,994,1
17694,991,1
17695,991,1
17696,987,1
17697,985,1
17698,986,1
17699,986,1
17700,990,1
17701,992,1
17702,988,1
17703,988,1
17704,986,1
17705,984,1
17706,986,1
17707,991,1
17708,994,1
17709,991,1
17710,990,1
17711,992,1
17712,993,1
17713,995,1
17714,988,1
17715,981,1
17716,985,1
17717,1008,1
17718,1042,1
17719,1080,1
17720,1119,1
17721,1146,1
17722,1150,1
17723,1116,1
17724,1056,1
17725,1003,1
17726,970,1
17727,962,1
17728,969,1
17729,978,1
17730,988,1
17731,995,1
17732,992,1
17733,988,1
17734,983,1
17735,981,1
17736,985,1
17737,985,1
17738,986,1
17739,985,1
17740,985,1
17741,987,1
17742,987,1
17743,990,1
17744,989,1
17745,988,1
17746,986,1
17747,987,1
17748,988,1
17749,990,1
17750,992,1
17751,987,1
17752,989,1
17753,990,1
17754,992,1
17755,992,1
17756,995,1
17757,991,1
17758,987,1
17759,990,1
17760,993,1
17761,997,1
17762,996,1
17763,993,1
17764,988,1
17765,990,1
17766,991,1
17767,993,1
17768,993,1
17769,995,1
17770,988,1
17771,990,1
17772,993,1
17773,997,1
17774,994,1
17775,990,1
17776,986,1
17777,988,1
17778,993,1
17779,993,1
17780,992,1
17781,991,1
17782,988,1
17783,988,1
17784,993,1
17785,996,1
17786,996,1
17787,991,1
17788,989,1
17789,987,1
17790,991,1
17791,994,1
17792,994,1
17793,994,1
17794,992,1
17795,994,1
17796,991,1
17797,993,1
17798,989,1
17799,993,1
17800,990,1
17801,988,1
17802,990,1
17803,989,1
17804,985,1
17805,982,1
17806,980,1
17807,983,1
17808,984,1
17809,981,1
17810,982,1
17811,977,1
17812,976,1
17813,972,1
17814,974,1
17815,975,1
17816,976,1
17817,973,1
17818,976,1
17819,977,1
17820,975,1
17821,975,1
17822,975,1
17823,971,1
17824,967,1
17825,971,1
17826,970,1
17827,973,1
17828,972,1
17829,969,1
17830,968,1
17831,967,1
17832,973,1
17833,976,1
17834,976,1
17835,969,1
17836,968,1
17837,969,1
17838,975,1
17839,976,1
17840,977,1
17841,969,1
17842,967,1
17843,965,1
17844,969,1
17845,976,1
17846,973,1
17847,970,1
17848,966,1
17849,967,1
17850,969,1
17851,970,1
17852,972,1
17853,968,1
17854,969,1
17855,968,1
17856,973,1
17857,974,1
17858,970,1
17859,970,1
17860,968,1
17861,970,1
17862,971,1
17863,973,1
17864,976,1
17865,971,1
17866,967,1
17867,967,1
17868,973,1
17869,977,1
17870,974,1
17871,975,1
17872,969,1
17873,972,1
17874,974,1
17875,979,1
17876,980,1
17877,977,1
17878,974,1
17879,974,1
17880,974,1
17881,980,1
17882,983,1
17883,982,1
17884,977,1
17885,978,1
17886,978,1
17887,982,1
17888,981,1
17889,981,1
17890,975,1
17891,975,1
17892,978,1
17893,983,1
17894,984,1
17895,983,1
17896,981,1
17897,980,1
17898,981,1
17899,985,1
17900,983,1
17901,982,1
17902,980,1
17903,980,1
17904,986,1
17905,987,1
17906,987,1
17907,985,1
17908,983,1
17909,979,1
17910,984,1
17911,986,1
17912,984,1
17913,983,1
17914,982,1
17915,985,1
17916,986,1
17917,991,1
17918,990,1
17919,990,1
17920,987,1
17921,985,1
17922,987,1
17923,986,1
17924,988,1
17925,988,1
17926,987,1
17927,988,1
17928,988,1
17929,991,1
17930,992,1
17931,988,1
17932,988,1
17933,986,1
17934,991,1
17935,994,1
17936,994,1
17937,990,1
17938,990,1
17939,991,1
17940,993,1
17941,1002,1
17942,1002,1
17943,1003,1
17944,1004,1
17945,1003,1
17946,1010,1
17947,1012,1
17948,1012,1
17949,1015,1
17950,1017,1
17951,1022,1
17952,1031,1
17953,1039,1
17954,1042,1
17955,1044,1
17956,1043,1
17957,1045,1
17958,1043,1
17959,1042,1
17960,1035,1
17961,1031,1
17962,1025,1
17963,1023,1
17964,1027,1
17965,1027,1
17966,1017,1
17967,1008,1
17968,998,1
17969,995,1
17970,995,1
17971,993,1
17972,990,1
17973,986,1
17974,983,1
17975,985,1
17976,989,1
17977,992,1
17978,990,1
17979,989,1
17980,990,1
17981,988,1
17982,990,1
17983,990,1
17984,988,1
17985,988,1
17986,988,1
17987,987,1
17988,992,1
17989,993,1
17990,984,1
17991,979,1
17992,978,1
17993,995,1
17994,1029,1
17995,1076,1
17996,1120,1
17997,1153,1
17998,1166,1
17999,1138,1
18000,1089,1
